ID,A,CA,CV,DD,DP,FC,FD,FF,FS,FT,G,GC,GS,I,PE,PP,RB,SG
101717,3.0,6.0,1.0,0.0,0.0,52.0,13.0,25.0,58.0,1.0,3.0,0.0,0.0,5.0,39.0,0.0,38.0,0.0
101798,0.0,0.0,0.0,0.0,0.0,0.0,0.0,0.0,0.0,0.0,0.0,0.0,0.0,0.0,0.0,0.0,0.0,0.0
37646,0.0,6.0,1.0,0.0,0.0,20.0,1.0,3.0,28.0,0.0,0.0,0.0,0.0,0.0,50.0,0.0,32.0,6.0
101803,0.0,2.0,0.0,0.0,0.0,11.0,0.0,4.0,9.0,0.0,1.0,0.0,0.0,0.0,17.0,0.0,8.0,4.0
37614,5.0,2.0,1.0,0.0,0.0,32.0,4.0,5.0,31.0,0.0,1.0,0.0,0.0,2.0,23.0,0.0,19.0,0.0
101728,0.0,0.0,0.0,0.0,0.0,0.0,0.0,0.0,0.0,0.0,0.0,0.0,0.0,0.0,0.0,0.0,0.0,0.0
37246,0.0,0.0,0.0,0.0,0.0,0.0,0.0,0.0,0.0,0.0,0.0,0.0,0.0,0.0,0.0,0.0,0.0,0.0
101796,0.0,0.0,0.0,0.0,0.0,0.0,0.0,0.0,0.0,0.0,0.0,0.0,0.0,0.0,0.0,0.0,0.0,0.0
101721,0.0,0.0,0.0,0.0,0.0,0.0,0.0,0.0,0.0,0.0,0.0,0.0,0.0,0.0,0.0,0.0,0.0,0.0
101720,0.0,0.0,0.0,0.0,0.0,2.0,0.0,0.0,1.0,0.0,0.0,0.0,0.0,0.0,1.0,0.0,1.0,0.0
101729,0.0,0.0,0.0,0.0,0.0,1.0,0.0,0.0,0.0,0.0,0.0,0.0,0.0,0.0,0.0,0.0,0.0,0.0
101837,0.0,0.0,0.0,0.0,0.0,0.0,0.0,0.0,0.0,0.0,0.0,0.0,0.0,0.0,0.0,0.0,0.0,0.0
37798,3.0,7.0,0.0,0.0,0.0,14.0,17.0,17.0,11.0,0.0,2.0,0.0,0.0,0.0,23.0,0.0,10.0,0.0
37788,0.0,1.0,0.0,15.0,0.0,0.0,0.0,0.0,1.0,0.0,0.0,0.0,0.0,0.0,3.0,0.0,0.0,2.0
38001,0.0,0.0,0.0,1.0,0.0,0.0,0.0,0.0,0.0,0.0,0.0,0.0,0.0,0.0,0.0,0.0,0.0,0.0
37701,1.0,1.0,0.0,0.0,0.0,8.0,0.0,2.0,14.0,0.0,0.0,0.0,0.0,1.0,41.0,0.0,15.0,6.0
101846,1.0,1.0,0.0,0.0,0.0,14.0,0.0,3.0,10.0,0.0,0.0,0.0,0.0,0.0,30.0,0.0,10.0,4.0
38162,3.0,11.0,0.0,0.0,0.0,48.0,15.0,16.0,41.0,1.0,5.0,0.0,0.0,14.0,57.0,0.0,5.0,0.0
38144,5.0,7.0,0.0,0.0,0.0,27.0,3.0,1.0,16.0,0.0,0.0,0.0,0.0,1.0,33.0,0.0,22.0,9.0
38229,1.0,6.0,0.0,0.0,0.0,30.0,4.0,3.0,21.0,2.0,4.0,0.0,0.0,2.0,46.0,0.0,21.0,6.0
38140,0.0,0.0,0.0,2.0,0.0,0.0,0.0,0.0,0.0,0.0,0.0,0.0,0.0,0.0,0.0,0.0,0.0,1.0
38231,1.0,2.0,1.0,0.0,0.0,25.0,16.0,7.0,25.0,0.0,4.0,0.0,0.0,6.0,61.0,1.0,17.0,0.0
38196,3.0,6.0,0.0,0.0,0.0,17.0,3.0,4.0,13.0,0.0,3.0,0.0,0.0,0.0,41.0,0.0,16.0,0.0
38279,3.0,7.0,0.0,0.0,0.0,53.0,16.0,22.0,42.0,2.0,13.0,0.0,0.0,13.0,40.0,0.0,14.0,0.0
38277,5.0,8.0,0.0,0.0,0.0,22.0,24.0,36.0,32.0,1.0,6.0,0.0,0.0,2.0,66.0,1.0,16.0,0.0
38311,0.0,4.0,1.0,0.0,0.0,34.0,5.0,8.0,49.0,0.0,0.0,0.0,0.0,0.0,40.0,0.0,64.0,0.0
101861,0.0,0.0,0.0,0.0,0.0,0.0,0.0,0.0,0.0,0.0,0.0,0.0,0.0,0.0,0.0,0.0,0.0,0.0
38315,1.0,3.0,0.0,0.0,0.0,6.0,1.0,8.0,3.0,1.0,0.0,0.0,0.0,0.0,23.0,0.0,1.0,0.0
37655,0.0,4.0,1.0,0.0,0.0,51.0,4.0,19.0,26.0,0.0,7.0,0.0,0.0,6.0,28.0,0.0,8.0,0.0
38336,1.0,3.0,0.0,0.0,0.0,11.0,0.0,1.0,4.0,0.0,1.0,0.0,0.0,0.0,20.0,0.0,9.0,4.0
38394,0.0,6.0,0.0,0.0,0.0,22.0,6.0,5.0,15.0,0.0,0.0,0.0,0.0,0.0,21.0,0.0,15.0,6.0
38431,0.0,0.0,0.0,23.0,0.0,1.0,0.0,0.0,0.0,0.0,0.0,0.0,0.0,0.0,1.0,0.0,0.0,0.0
38451,0.0,2.0,0.0,0.0,0.0,22.0,6.0,11.0,24.0,0.0,2.0,1.0,0.0,2.0,59.0,0.0,41.0,8.0
101719,0.0,0.0,0.0,0.0,0.0,0.0,0.0,0.0,0.0,0.0,0.0,0.0,0.0,0.0,0.0,0.0,0.0,0.0
38509,0.0,0.0,0.0,38.0,2.0,0.0,0.0,0.0,4.0,0.0,0.0,0.0,0.0,0.0,18.0,0.0,2.0,13.0
38573,0.0,3.0,0.0,0.0,0.0,11.0,1.0,4.0,9.0,0.0,1.0,0.0,0.0,0.0,14.0,0.0,13.0,0.0
38505,1.0,9.0,1.0,0.0,0.0,17.0,3.0,4.0,20.0,0.0,2.0,0.0,0.0,2.0,24.0,0.0,24.0,7.0
38523,0.0,3.0,2.0,0.0,0.0,18.0,0.0,5.0,11.0,2.0,0.0,0.0,0.0,0.0,27.0,0.0,18.0,4.0
38545,1.0,7.0,1.0,0.0,0.0,34.0,4.0,15.0,26.0,0.0,3.0,0.0,0.0,1.0,41.0,0.0,27.0,0.0
38515,0.0,2.0,0.0,0.0,0.0,20.0,0.0,9.0,10.0,1.0,0.0,0.0,0.0,1.0,26.0,0.0,22.0,2.0
42222,5.0,3.0,1.0,0.0,0.0,26.0,8.0,18.0,20.0,3.0,6.0,0.0,0.0,1.0,39.0,0.0,14.0,0.0
38632,0.0,1.0,0.0,0.0,0.0,7.0,4.0,3.0,2.0,0.0,1.0,0.0,0.0,1.0,6.0,0.0,11.0,0.0
38910,2.0,0.0,0.0,0.0,0.0,15.0,9.0,14.0,17.0,1.0,2.0,0.0,0.0,2.0,11.0,1.0,6.0,0.0
50407,0.0,0.0,0.0,0.0,0.0,10.0,2.0,1.0,3.0,0.0,0.0,0.0,0.0,1.0,7.0,0.0,6.0,0.0
38738,1.0,1.0,0.0,0.0,0.0,3.0,1.0,6.0,8.0,0.0,0.0,0.0,0.0,2.0,34.0,0.0,2.0,0.0
38939,3.0,4.0,0.0,0.0,0.0,46.0,6.0,13.0,42.0,1.0,2.0,0.0,0.0,5.0,70.0,0.0,34.0,6.0
38909,1.0,5.0,0.0,0.0,0.0,16.0,10.0,10.0,29.0,2.0,1.0,0.0,0.0,0.0,35.0,1.0,9.0,0.0
39572,0.0,2.0,0.0,0.0,0.0,8.0,5.0,8.0,33.0,0.0,0.0,0.0,0.0,0.0,15.0,0.0,12.0,0.0
38750,0.0,0.0,0.0,0.0,0.0,25.0,1.0,0.0,10.0,0.0,0.0,0.0,0.0,0.0,36.0,0.0,42.0,6.0
38959,0.0,4.0,0.0,0.0,0.0,30.0,5.0,11.0,36.0,0.0,5.0,0.0,0.0,9.0,33.0,0.0,14.0,0.0
38913,2.0,2.0,1.0,0.0,0.0,23.0,5.0,20.0,38.0,0.0,3.0,0.0,0.0,2.0,77.0,0.0,16.0,0.0
78435,3.0,3.0,0.0,0.0,0.0,30.0,12.0,23.0,19.0,0.0,5.0,0.0,0.0,3.0,36.0,0.0,19.0,0.0
42116,1.0,3.0,1.0,0.0,0.0,14.0,7.0,6.0,18.0,2.0,4.0,0.0,0.0,5.0,27.0,0.0,6.0,0.0
39850,0.0,0.0,0.0,0.0,0.0,0.0,0.0,0.0,0.0,0.0,0.0,0.0,0.0,0.0,0.0,0.0,0.0,0.0
41929,0.0,0.0,0.0,0.0,0.0,0.0,0.0,0.0,0.0,0.0,0.0,0.0,0.0,0.0,0.0,0.0,0.0,0.0
41258,0.0,0.0,0.0,0.0,0.0,0.0,0.0,0.0,0.0,0.0,0.0,0.0,0.0,0.0,0.0,0.0,0.0,0.0
41327,0.0,0.0,0.0,0.0,0.0,0.0,0.0,0.0,0.0,0.0,0.0,0.0,0.0,0.0,0.0,0.0,0.0,0.0
37657,0.0,1.0,0.0,0.0,0.0,4.0,1.0,4.0,3.0,0.0,0.0,0.0,0.0,0.0,3.0,0.0,5.0,2.0
37656,0.0,2.0,0.0,42.0,2.0,0.0,0.0,0.0,5.0,0.0,0.0,0.0,0.0,0.0,13.0,0.0,0.0,12.0
68821,3.0,0.0,1.0,0.0,0.0,14.0,4.0,2.0,8.0,0.0,2.0,0.0,0.0,1.0,30.0,0.0,17.0,7.0
68817,0.0,2.0,0.0,0.0,0.0,14.0,1.0,0.0,4.0,0.0,1.0,1.0,0.0,0.0,14.0,0.0,11.0,4.0
42145,1.0,2.0,1.0,0.0,0.0,36.0,8.0,8.0,23.0,0.0,0.0,0.0,0.0,1.0,73.0,0.0,41.0,8.0
37694,0.0,5.0,0.0,0.0,0.0,47.0,4.0,16.0,68.0,0.0,0.0,0.0,0.0,1.0,54.0,0.0,69.0,0.0
37662,0.0,2.0,0.0,0.0,0.0,5.0,1.0,0.0,4.0,0.0,1.0,0.0,0.0,0.0,8.0,0.0,6.0,4.0
49651,0.0,0.0,0.0,0.0,0.0,2.0,0.0,0.0,4.0,1.0,1.0,0.0,0.0,0.0,3.0,0.0,4.0,4.0
68834,1.0,0.0,0.0,0.0,0.0,14.0,1.0,2.0,6.0,0.0,0.0,0.0,0.0,0.0,13.0,0.0,17.0,0.0
37673,0.0,1.0,0.0,0.0,0.0,20.0,6.0,11.0,11.0,0.0,2.0,0.0,0.0,7.0,19.0,1.0,7.0,0.0
37688,1.0,9.0,0.0,0.0,0.0,28.0,9.0,11.0,58.0,0.0,3.0,0.0,0.0,4.0,52.0,0.0,36.0,0.0
42232,0.0,3.0,0.0,0.0,0.0,19.0,1.0,4.0,3.0,0.0,0.0,0.0,0.0,0.0,7.0,0.0,14.0,0.0
68873,0.0,1.0,0.0,38.0,0.0,0.0,0.0,0.0,3.0,0.0,0.0,0.0,0.0,0.0,15.0,0.0,0.0,12.0
68872,0.0,1.0,1.0,47.0,1.0,0.0,0.0,1.0,9.0,0.0,0.0,0.0,0.0,0.0,5.0,0.0,0.0,11.0
42234,0.0,6.0,0.0,32.0,1.0,1.0,0.0,0.0,7.0,0.0,0.0,0.0,0.0,0.0,14.0,0.0,0.0,13.0
68896,0.0,0.0,0.0,0.0,0.0,0.0,0.0,0.0,0.0,0.0,0.0,0.0,0.0,0.0,0.0,0.0,0.0,0.0
42477,0.0,2.0,0.0,0.0,0.0,19.0,2.0,2.0,9.0,0.0,1.0,0.0,0.0,0.0,17.0,0.0,9.0,6.0
68886,0.0,3.0,2.0,0.0,0.0,27.0,1.0,4.0,14.0,0.0,1.0,0.0,0.0,1.0,20.0,0.0,32.0,9.0
42491,3.0,7.0,0.0,0.0,0.0,38.0,1.0,5.0,24.0,0.0,1.0,0.0,0.0,3.0,58.0,0.0,22.0,12.0
69010,0.0,1.0,1.0,18.0,0.0,1.0,0.0,0.0,1.0,0.0,0.0,0.0,0.0,0.0,5.0,0.0,0.0,1.0
68887,0.0,1.0,2.0,0.0,0.0,11.0,7.0,7.0,14.0,0.0,1.0,1.0,0.0,2.0,45.0,0.0,13.0,4.0
49673,0.0,0.0,0.0,17.0,0.0,0.0,0.0,0.0,0.0,0.0,0.0,0.0,0.0,0.0,1.0,0.0,0.0,2.0
69012,0.0,1.0,0.0,36.0,2.0,1.0,0.0,0.0,6.0,0.0,0.0,0.0,0.0,0.0,22.0,0.0,1.0,12.0
68895,1.0,1.0,0.0,0.0,0.0,5.0,6.0,10.0,26.0,0.0,1.0,0.0,0.0,1.0,28.0,0.0,9.0,0.0
68911,1.0,6.0,0.0,0.0,0.0,34.0,11.0,14.0,57.0,2.0,7.0,0.0,0.0,11.0,58.0,0.0,10.0,0.0
49675,0.0,2.0,0.0,0.0,0.0,19.0,13.0,20.0,29.0,0.0,5.0,0.0,0.0,13.0,37.0,0.0,14.0,0.0
68901,3.0,6.0,0.0,0.0,0.0,28.0,6.0,9.0,6.0,0.0,0.0,0.0,0.0,3.0,40.0,0.0,13.0,0.0
69022,2.0,1.0,0.0,0.0,0.0,22.0,8.0,19.0,28.0,1.0,9.0,0.0,0.0,7.0,40.0,1.0,17.0,0.0
69014,0.0,2.0,0.0,0.0,0.0,30.0,2.0,9.0,13.0,0.0,1.0,1.0,0.0,1.0,42.0,0.0,31.0,14.0
68928,0.0,0.0,0.0,5.0,0.0,0.0,0.0,0.0,1.0,0.0,0.0,0.0,0.0,0.0,1.0,0.0,0.0,1.0
68930,0.0,2.0,0.0,0.0,0.0,30.0,10.0,8.0,27.0,0.0,1.0,0.0,0.0,3.0,3.0,0.0,7.0,0.0
69040,0.0,3.0,0.0,68.0,0.0,0.0,0.0,0.0,3.0,0.0,0.0,0.0,0.0,0.0,6.0,0.0,0.0,8.0
50284,0.0,0.0,0.0,8.0,0.0,0.0,0.0,0.0,1.0,0.0,0.0,0.0,0.0,0.0,2.0,0.0,0.0,0.0
68923,1.0,4.0,0.0,0.0,0.0,12.0,2.0,8.0,4.0,1.0,1.0,0.0,0.0,4.0,13.0,0.0,31.0,10.0
68920,5.0,4.0,0.0,0.0,0.0,30.0,26.0,28.0,113.0,2.0,8.0,0.0,0.0,9.0,89.0,0.0,14.0,0.0
68938,1.0,1.0,1.0,0.0,0.0,16.0,6.0,8.0,15.0,0.0,0.0,0.0,0.0,0.0,37.0,0.0,14.0,0.0
50293,0.0,0.0,0.0,0.0,0.0,4.0,1.0,3.0,5.0,0.0,0.0,0.0,0.0,0.0,1.0,0.0,3.0,0.0
68925,0.0,5.0,0.0,0.0,0.0,14.0,2.0,4.0,15.0,1.0,1.0,0.0,0.0,0.0,16.0,0.0,12.0,1.0
50294,0.0,3.0,0.0,0.0,0.0,6.0,0.0,3.0,3.0,0.0,0.0,0.0,0.0,0.0,7.0,0.0,2.0,0.0
68950,0.0,1.0,0.0,0.0,0.0,9.0,0.0,6.0,5.0,0.0,0.0,1.0,0.0,0.0,4.0,0.0,7.0,1.0
68942,0.0,9.0,0.0,0.0,0.0,32.0,3.0,3.0,8.0,0.0,0.0,1.0,0.0,1.0,50.0,0.0,29.0,10.0
69041,0.0,1.0,0.0,37.0,0.0,1.0,0.0,0.0,6.0,0.0,0.0,0.0,0.0,0.0,6.0,0.0,0.0,7.0
50301,2.0,3.0,0.0,0.0,0.0,32.0,3.0,3.0,22.0,0.0,1.0,0.0,0.0,7.0,31.0,0.0,18.0,0.0
68952,4.0,11.0,1.0,0.0,0.0,41.0,20.0,27.0,79.0,2.0,7.0,0.0,0.0,8.0,42.0,0.0,30.0,0.0
42500,3.0,6.0,0.0,0.0,0.0,27.0,6.0,5.0,42.0,0.0,1.0,0.0,0.0,0.0,86.0,0.0,49.0,12.0
68954,2.0,3.0,0.0,0.0,0.0,13.0,5.0,9.0,19.0,1.0,0.0,0.0,0.0,2.0,29.0,0.0,17.0,0.0
50313,0.0,5.0,0.0,0.0,0.0,23.0,3.0,10.0,20.0,0.0,0.0,0.0,0.0,0.0,27.0,0.0,18.0,0.0
69047,0.0,0.0,0.0,0.0,0.0,5.0,0.0,1.0,7.0,0.0,0.0,0.0,0.0,0.0,7.0,0.0,2.0,0.0
42501,0.0,0.0,0.0,0.0,0.0,13.0,1.0,2.0,1.0,0.0,0.0,0.0,0.0,0.0,7.0,0.0,4.0,3.0
42499,0.0,1.0,1.0,0.0,0.0,7.0,0.0,1.0,5.0,0.0,0.0,0.0,0.0,0.0,15.0,0.0,7.0,4.0
69051,0.0,0.0,0.0,12.0,0.0,0.0,0.0,0.0,0.0,0.0,0.0,0.0,0.0,0.0,1.0,0.0,0.0,1.0
69008,0.0,0.0,0.0,0.0,0.0,0.0,0.0,0.0,0.0,0.0,0.0,0.0,0.0,0.0,0.0,0.0,0.0,0.0
47134,0.0,0.0,0.0,0.0,0.0,0.0,0.0,0.0,0.0,0.0,0.0,0.0,0.0,0.0,0.0,0.0,0.0,0.0
50317,2.0,0.0,0.0,0.0,0.0,15.0,4.0,13.0,2.0,0.0,2.0,0.0,0.0,0.0,19.0,0.0,26.0,6.0
69141,2.0,5.0,0.0,0.0,0.0,35.0,14.0,16.0,56.0,1.0,7.0,0.0,0.0,17.0,36.0,1.0,16.0,0.0
69288,0.0,0.0,0.0,0.0,0.0,2.0,0.0,1.0,0.0,0.0,0.0,0.0,0.0,0.0,3.0,0.0,1.0,0.0
50408,0.0,0.0,0.0,0.0,0.0,0.0,0.0,0.0,0.0,0.0,0.0,0.0,0.0,0.0,0.0,0.0,0.0,0.0
38648,4.0,4.0,0.0,0.0,0.0,23.0,13.0,15.0,24.0,0.0,2.0,0.0,0.0,1.0,26.0,0.0,24.0,0.0
50324,1.0,3.0,0.0,0.0,0.0,26.0,4.0,1.0,10.0,0.0,1.0,0.0,0.0,1.0,18.0,0.0,23.0,0.0
69138,1.0,3.0,0.0,0.0,0.0,27.0,6.0,14.0,12.0,1.0,3.0,0.0,0.0,11.0,13.0,0.0,4.0,0.0
50459,0.0,1.0,0.0,0.0,0.0,21.0,1.0,1.0,6.0,0.0,0.0,0.0,0.0,0.0,18.0,0.0,19.0,3.0
69705,2.0,3.0,0.0,0.0,0.0,23.0,21.0,25.0,20.0,1.0,5.0,0.0,0.0,5.0,33.0,0.0,14.0,0.0
69161,2.0,3.0,0.0,0.0,0.0,10.0,8.0,7.0,15.0,1.0,6.0,0.0,0.0,2.0,22.0,0.0,2.0,0.0
50328,0.0,0.0,0.0,0.0,0.0,0.0,0.0,0.0,0.0,0.0,0.0,0.0,0.0,0.0,0.0,0.0,0.0,0.0
50645,2.0,3.0,0.0,0.0,0.0,28.0,2.0,7.0,25.0,0.0,0.0,0.0,0.0,0.0,64.0,0.0,33.0,8.0
70009,0.0,3.0,0.0,0.0,0.0,23.0,2.0,4.0,11.0,0.0,2.0,0.0,0.0,0.0,18.0,0.0,15.0,0.0
78445,2.0,2.0,0.0,0.0,0.0,24.0,3.0,2.0,8.0,0.0,0.0,0.0,0.0,0.0,66.0,0.0,46.0,11.0
50877,0.0,3.0,0.0,0.0,0.0,17.0,1.0,1.0,16.0,0.0,0.0,0.0,0.0,1.0,7.0,0.0,17.0,0.0
69177,2.0,6.0,2.0,0.0,0.0,36.0,0.0,9.0,22.0,0.0,0.0,0.0,0.0,1.0,27.0,0.0,24.0,4.0
70046,1.0,3.0,0.0,0.0,0.0,13.0,6.0,5.0,16.0,0.0,0.0,0.0,0.0,2.0,60.0,0.0,37.0,13.0
78478,6.0,2.0,0.0,0.0,0.0,48.0,7.0,14.0,20.0,3.0,2.0,1.0,0.0,1.0,62.0,0.0,59.0,0.0
70116,0.0,5.0,0.0,0.0,0.0,10.0,4.0,14.0,7.0,0.0,1.0,0.0,0.0,0.0,13.0,0.0,18.0,0.0
86766,0.0,2.0,0.0,0.0,0.0,11.0,0.0,0.0,3.0,0.0,0.0,0.0,0.0,0.0,15.0,0.0,9.0,0.0
70132,0.0,0.0,0.0,0.0,0.0,5.0,0.0,1.0,3.0,0.0,0.0,0.0,0.0,0.0,3.0,0.0,2.0,0.0
70222,0.0,0.0,0.0,8.0,0.0,0.0,0.0,0.0,0.0,0.0,0.0,0.0,0.0,0.0,6.0,0.0,0.0,0.0
70666,0.0,1.0,0.0,0.0,0.0,2.0,0.0,2.0,8.0,0.0,0.0,0.0,0.0,0.0,5.0,0.0,3.0,1.0
78495,0.0,0.0,0.0,1.0,0.0,0.0,0.0,0.0,1.0,0.0,0.0,0.0,0.0,0.0,0.0,0.0,0.0,0.0
70784,0.0,0.0,0.0,0.0,0.0,0.0,0.0,0.0,0.0,0.0,0.0,0.0,0.0,0.0,0.0,0.0,0.0,0.0
78512,0.0,0.0,0.0,0.0,0.0,7.0,0.0,2.0,11.0,0.0,0.0,0.0,0.0,0.0,10.0,0.0,6.0,0.0
78475,0.0,0.0,0.0,0.0,0.0,0.0,0.0,0.0,0.0,0.0,0.0,0.0,0.0,0.0,0.0,0.0,0.0,0.0
70916,1.0,3.0,0.0,0.0,0.0,40.0,3.0,5.0,24.0,0.0,0.0,0.0,0.0,1.0,39.0,0.0,60.0,9.0
84554,0.0,0.0,0.0,0.0,0.0,0.0,0.0,0.0,0.0,0.0,0.0,0.0,0.0,0.0,1.0,0.0,1.0,0.0
78605,0.0,4.0,0.0,0.0,0.0,25.0,1.0,2.0,9.0,0.0,0.0,0.0,0.0,0.0,25.0,0.0,34.0,0.0
70800,0.0,0.0,0.0,0.0,0.0,0.0,0.0,0.0,0.0,0.0,0.0,0.0,0.0,0.0,0.0,0.0,0.0,0.0
70360,3.0,2.0,0.0,0.0,0.0,22.0,22.0,22.0,29.0,2.0,13.0,0.0,0.0,10.0,56.0,0.0,30.0,0.0
71019,0.0,0.0,0.0,0.0,0.0,0.0,0.0,0.0,0.0,0.0,0.0,0.0,0.0,0.0,0.0,0.0,0.0,0.0
51042,1.0,6.0,0.0,0.0,0.0,51.0,14.0,14.0,48.0,0.0,4.0,0.0,0.0,13.0,53.0,0.0,13.0,8.0
78548,1.0,3.0,0.0,0.0,0.0,22.0,10.0,12.0,32.0,1.0,1.0,0.0,0.0,1.0,49.0,0.0,16.0,0.0
51194,0.0,4.0,0.0,0.0,0.0,5.0,1.0,0.0,6.0,0.0,1.0,0.0,0.0,0.0,21.0,0.0,9.0,1.0
70986,1.0,2.0,0.0,0.0,0.0,18.0,15.0,10.0,26.0,0.0,4.0,0.0,0.0,0.0,19.0,0.0,33.0,0.0
70925,0.0,2.0,0.0,0.0,0.0,13.0,3.0,1.0,7.0,0.0,0.0,0.0,0.0,3.0,14.0,0.0,8.0,0.0
78577,6.0,1.0,0.0,0.0,0.0,32.0,17.0,27.0,9.0,0.0,1.0,0.0,0.0,1.0,90.0,0.0,47.0,0.0
71042,2.0,0.0,0.0,0.0,0.0,27.0,9.0,4.0,15.0,0.0,0.0,0.0,0.0,3.0,20.0,0.0,13.0,0.0
51413,0.0,0.0,0.0,13.0,1.0,0.0,0.0,0.0,1.0,0.0,0.0,0.0,0.0,0.0,4.0,0.0,0.0,2.0
71043,0.0,1.0,0.0,8.0,0.0,0.0,0.0,0.0,1.0,0.0,0.0,0.0,0.0,0.0,2.0,0.0,0.0,1.0
70944,1.0,2.0,0.0,0.0,0.0,50.0,8.0,21.0,25.0,1.0,7.0,0.0,0.0,0.0,62.0,0.0,36.0,0.0
70934,0.0,2.0,0.0,0.0,0.0,10.0,1.0,3.0,11.0,0.0,0.0,0.0,0.0,1.0,21.0,0.0,6.0,3.0
51415,0.0,0.0,0.0,0.0,0.0,5.0,0.0,3.0,3.0,0.0,0.0,0.0,0.0,0.0,24.0,0.0,5.0,2.0
78654,0.0,3.0,0.0,0.0,0.0,7.0,0.0,3.0,2.0,0.0,0.0,0.0,0.0,0.0,15.0,0.0,8.0,3.0
78584,0.0,1.0,0.0,62.0,1.0,0.0,0.0,0.0,10.0,0.0,0.0,0.0,0.0,0.0,9.0,0.0,1.0,14.0
51549,0.0,1.0,0.0,0.0,0.0,1.0,0.0,0.0,0.0,0.0,0.0,0.0,0.0,0.0,1.0,0.0,0.0,0.0
71113,2.0,2.0,0.0,0.0,0.0,15.0,7.0,9.0,9.0,1.0,1.0,0.0,0.0,0.0,44.0,0.0,17.0,0.0
51495,1.0,1.0,0.0,0.0,0.0,15.0,2.0,2.0,4.0,1.0,1.0,0.0,0.0,2.0,28.0,0.0,13.0,4.0
71116,1.0,2.0,0.0,0.0,0.0,22.0,6.0,19.0,32.0,0.0,0.0,0.0,0.0,1.0,23.0,0.0,17.0,3.0
71631,0.0,4.0,0.0,32.0,1.0,1.0,0.0,0.0,4.0,0.0,0.0,0.0,0.0,0.0,8.0,0.0,0.0,8.0
71162,2.0,2.0,1.0,0.0,0.0,11.0,13.0,15.0,20.0,2.0,2.0,0.0,0.0,1.0,64.0,0.0,15.0,0.0
71233,0.0,3.0,0.0,0.0,0.0,11.0,4.0,8.0,11.0,0.0,3.0,0.0,0.0,0.0,24.0,0.0,8.0,0.0
71479,0.0,1.0,0.0,0.0,0.0,19.0,3.0,7.0,6.0,0.0,1.0,0.0,0.0,0.0,25.0,0.0,6.0,0.0
71224,0.0,0.0,0.0,0.0,0.0,0.0,0.0,0.0,0.0,0.0,0.0,0.0,0.0,0.0,0.0,0.0,0.0,0.0
71667,0.0,5.0,0.0,0.0,0.0,39.0,1.0,8.0,9.0,0.0,0.0,0.0,0.0,0.0,35.0,0.0,21.0,0.0
51772,7.0,3.0,0.0,0.0,0.0,27.0,11.0,17.0,48.0,1.0,1.0,0.0,0.0,1.0,88.0,0.0,37.0,0.0
68987,0.0,5.0,2.0,0.0,0.0,42.0,1.0,3.0,13.0,0.0,0.0,0.0,0.0,1.0,30.0,0.0,49.0,0.0
52190,0.0,1.0,0.0,0.0,0.0,23.0,2.0,2.0,31.0,1.0,1.0,0.0,0.0,0.0,24.0,0.0,57.0,0.0
71604,0.0,3.0,0.0,0.0,0.0,17.0,3.0,6.0,20.0,0.0,1.0,0.0,0.0,0.0,20.0,0.0,22.0,6.0
52253,2.0,3.0,0.0,0.0,0.0,11.0,5.0,14.0,20.0,2.0,1.0,0.0,0.0,2.0,42.0,0.0,42.0,7.0
71719,0.0,1.0,0.0,0.0,0.0,19.0,1.0,4.0,0.0,0.0,0.0,0.0,0.0,0.0,15.0,0.0,18.0,0.0
71571,0.0,2.0,0.0,40.0,0.0,0.0,0.0,0.0,4.0,0.0,0.0,0.0,0.0,0.0,9.0,0.0,0.0,10.0
78850,1.0,7.0,0.0,0.0,0.0,48.0,10.0,26.0,38.0,2.0,5.0,0.0,0.0,1.0,71.0,1.0,59.0,13.0
78855,0.0,5.0,0.0,0.0,0.0,40.0,1.0,2.0,15.0,0.0,1.0,0.0,0.0,1.0,15.0,0.0,31.0,0.0
72079,2.0,4.0,0.0,0.0,0.0,23.0,1.0,1.0,23.0,0.0,1.0,0.0,0.0,4.0,45.0,0.0,32.0,7.0
72097,0.0,1.0,0.0,0.0,0.0,7.0,0.0,1.0,3.0,0.0,0.0,0.0,0.0,0.0,18.0,0.0,13.0,5.0
71724,0.0,0.0,1.0,9.0,0.0,0.0,0.0,0.0,3.0,0.0,0.0,0.0,0.0,0.0,1.0,0.0,0.0,1.0
72071,0.0,0.0,0.0,0.0,0.0,0.0,0.0,0.0,0.0,0.0,0.0,0.0,0.0,0.0,0.0,0.0,0.0,0.0
52558,0.0,2.0,0.0,0.0,0.0,6.0,0.0,2.0,12.0,0.0,2.0,0.0,0.0,1.0,11.0,1.0,3.0,0.0
52674,1.0,3.0,2.0,0.0,0.0,20.0,0.0,1.0,16.0,0.0,0.0,0.0,0.0,0.0,37.0,0.0,19.0,5.0
52618,0.0,5.0,0.0,0.0,0.0,12.0,0.0,0.0,1.0,0.0,0.0,0.0,0.0,0.0,12.0,0.0,13.0,4.0
78851,0.0,0.0,0.0,1.0,0.0,0.0,0.0,0.0,1.0,0.0,0.0,0.0,0.0,0.0,1.0,0.0,0.0,0.0
71787,0.0,0.0,0.0,0.0,0.0,3.0,1.0,4.0,5.0,1.0,0.0,0.0,0.0,0.0,5.0,0.0,1.0,0.0
78865,0.0,1.0,0.0,0.0,0.0,2.0,0.0,0.0,1.0,0.0,0.0,0.0,0.0,0.0,2.0,0.0,3.0,0.0
71829,0.0,4.0,0.0,0.0,0.0,33.0,12.0,12.0,25.0,0.0,2.0,0.0,0.0,1.0,39.0,0.0,31.0,0.0
78897,3.0,5.0,0.0,0.0,0.0,40.0,5.0,7.0,15.0,0.0,0.0,0.0,0.0,2.0,30.0,0.0,37.0,0.0
72168,2.0,5.0,0.0,0.0,0.0,38.0,12.0,12.0,57.0,0.0,3.0,0.0,0.0,0.0,111.0,0.0,54.0,0.0
72142,0.0,6.0,0.0,0.0,0.0,33.0,8.0,5.0,27.0,0.0,1.0,0.0,0.0,1.0,39.0,0.0,34.0,12.0
71680,0.0,1.0,0.0,0.0,0.0,13.0,1.0,0.0,1.0,0.0,0.0,0.0,0.0,2.0,9.0,0.0,3.0,1.0
52950,0.0,1.0,0.0,17.0,0.0,0.0,0.0,0.0,0.0,0.0,0.0,0.0,0.0,0.0,7.0,0.0,0.0,1.0
60969,2.0,5.0,0.0,0.0,0.0,34.0,6.0,12.0,8.0,0.0,1.0,1.0,0.0,3.0,58.0,0.0,24.0,6.0
71684,0.0,6.0,1.0,0.0,0.0,19.0,4.0,3.0,16.0,1.0,2.0,0.0,0.0,2.0,19.0,0.0,25.0,6.0
61033,0.0,2.0,0.0,0.0,0.0,3.0,1.0,3.0,7.0,0.0,1.0,0.0,0.0,1.0,9.0,0.0,4.0,0.0
71844,1.0,4.0,0.0,0.0,0.0,35.0,24.0,30.0,50.0,2.0,11.0,0.0,0.0,10.0,84.0,1.0,27.0,0.0
63128,1.0,9.0,0.0,0.0,0.0,27.0,2.0,5.0,9.0,0.0,0.0,0.0,0.0,0.0,19.0,0.0,16.0,5.0
78991,0.0,0.0,0.0,0.0,0.0,0.0,0.0,0.0,0.0,0.0,0.0,0.0,0.0,0.0,0.0,0.0,0.0,0.0
54395,1.0,3.0,1.0,0.0,0.0,29.0,5.0,8.0,17.0,1.0,1.0,0.0,0.0,0.0,63.0,0.0,28.0,0.0
79035,0.0,1.0,0.0,0.0,0.0,3.0,0.0,0.0,5.0,0.0,0.0,0.0,0.0,0.0,3.0,0.0,4.0,4.0
61149,0.0,1.0,0.0,0.0,0.0,15.0,10.0,10.0,26.0,0.0,0.0,0.0,0.0,1.0,21.0,0.0,10.0,0.0
60791,0.0,1.0,0.0,0.0,0.0,1.0,0.0,0.0,1.0,0.0,0.0,0.0,0.0,0.0,1.0,0.0,1.0,0.0
61188,3.0,2.0,0.0,0.0,0.0,31.0,17.0,32.0,21.0,3.0,14.0,0.0,0.0,8.0,40.0,0.0,23.0,0.0
71882,0.0,2.0,0.0,51.0,0.0,0.0,0.0,0.0,13.0,0.0,0.0,0.0,0.0,0.0,16.0,0.0,1.0,8.0
79113,0.0,8.0,0.0,0.0,0.0,38.0,5.0,4.0,36.0,2.0,0.0,0.0,0.0,0.0,47.0,0.0,90.0,10.0
61228,0.0,0.0,0.0,0.0,0.0,0.0,0.0,0.0,0.0,0.0,0.0,0.0,0.0,0.0,0.0,0.0,0.0,0.0
78715,1.0,1.0,0.0,0.0,0.0,33.0,1.0,9.0,14.0,0.0,0.0,0.0,0.0,0.0,23.0,0.0,13.0,0.0
61985,0.0,2.0,1.0,0.0,0.0,10.0,0.0,0.0,12.0,0.0,0.0,0.0,0.0,0.0,7.0,0.0,6.0,0.0
79336,0.0,0.0,0.0,0.0,0.0,1.0,0.0,1.0,4.0,0.0,0.0,0.0,0.0,0.0,1.0,0.0,0.0,0.0
79109,0.0,0.0,0.0,0.0,0.0,0.0,0.0,0.0,0.0,0.0,0.0,0.0,0.0,0.0,0.0,0.0,0.0,0.0
79437,0.0,0.0,0.0,0.0,0.0,0.0,0.0,0.0,0.0,0.0,0.0,0.0,0.0,0.0,0.0,0.0,0.0,0.0
62009,4.0,2.0,0.0,0.0,0.0,34.0,13.0,20.0,24.0,1.0,1.0,0.0,0.0,5.0,53.0,0.0,21.0,0.0
62023,2.0,6.0,0.0,0.0,0.0,9.0,12.0,11.0,22.0,1.0,1.0,0.0,0.0,7.0,81.0,1.0,9.0,0.0
71920,1.0,5.0,0.0,0.0,0.0,36.0,6.0,10.0,3.0,0.0,0.0,2.0,0.0,1.0,35.0,0.0,48.0,0.0
79578,0.0,1.0,1.0,0.0,0.0,26.0,9.0,10.0,23.0,1.0,3.0,0.0,0.0,3.0,9.0,0.0,6.0,0.0
60819,0.0,2.0,0.0,0.0,0.0,14.0,4.0,6.0,21.0,0.0,3.0,0.0,0.0,0.0,45.0,0.0,28.0,8.0
71937,6.0,5.0,0.0,0.0,0.0,57.0,12.0,24.0,29.0,0.0,3.0,1.0,0.0,0.0,76.0,0.0,43.0,0.0
79887,0.0,0.0,0.0,0.0,0.0,0.0,0.0,0.0,0.0,0.0,0.0,0.0,0.0,0.0,0.0,0.0,0.0,0.0
78840,0.0,1.0,0.0,0.0,0.0,31.0,8.0,11.0,34.0,1.0,1.0,0.0,0.0,1.0,58.0,1.0,39.0,0.0
72290,0.0,0.0,0.0,8.0,0.0,0.0,0.0,0.0,0.0,0.0,0.0,0.0,0.0,0.0,0.0,0.0,0.0,0.0
79702,0.0,2.0,0.0,0.0,0.0,7.0,0.0,0.0,2.0,0.0,0.0,0.0,0.0,0.0,8.0,0.0,6.0,3.0
62033,0.0,1.0,1.0,0.0,0.0,13.0,9.0,20.0,19.0,0.0,5.0,0.0,0.0,9.0,15.0,0.0,6.0,0.0
72018,0.0,1.0,0.0,53.0,0.0,0.0,0.0,0.0,10.0,0.0,0.0,0.0,0.0,0.0,30.0,0.0,0.0,14.0
80080,0.0,4.0,1.0,0.0,0.0,27.0,3.0,7.0,22.0,1.0,2.0,0.0,0.0,7.0,17.0,0.0,3.0,0.0
62047,1.0,0.0,0.0,0.0,0.0,2.0,0.0,1.0,2.0,0.0,0.0,0.0,0.0,0.0,7.0,0.0,1.0,0.0
60852,2.0,3.0,0.0,0.0,0.0,27.0,2.0,6.0,5.0,0.0,0.0,0.0,0.0,5.0,45.0,0.0,26.0,6.0
62086,0.0,4.0,1.0,0.0,0.0,20.0,0.0,1.0,10.0,0.0,0.0,0.0,0.0,0.0,19.0,0.0,19.0,5.0
62104,1.0,8.0,0.0,0.0,0.0,35.0,7.0,16.0,28.0,0.0,1.0,0.0,0.0,0.0,99.0,0.0,20.0,0.0
72294,0.0,1.0,0.0,36.0,1.0,1.0,0.0,0.0,9.0,0.0,0.0,0.0,0.0,0.0,45.0,0.0,0.0,13.0
84709,3.0,6.0,0.0,0.0,0.0,27.0,16.0,21.0,16.0,2.0,1.0,0.0,0.0,15.0,50.0,0.0,22.0,0.0
62974,0.0,0.0,0.0,0.0,0.0,6.0,3.0,0.0,4.0,0.0,0.0,1.0,0.0,3.0,5.0,0.0,2.0,1.0
62129,1.0,11.0,0.0,0.0,0.0,49.0,4.0,3.0,14.0,0.0,0.0,0.0,0.0,0.0,64.0,0.0,17.0,0.0
62128,0.0,0.0,0.0,0.0,0.0,0.0,0.0,0.0,0.0,0.0,0.0,0.0,0.0,0.0,0.0,0.0,0.0,0.0
72359,1.0,7.0,0.0,0.0,0.0,31.0,3.0,3.0,17.0,0.0,2.0,0.0,0.0,0.0,26.0,0.0,38.0,6.0
80193,1.0,1.0,0.0,0.0,0.0,14.0,9.0,18.0,47.0,0.0,3.0,0.0,0.0,2.0,32.0,0.0,8.0,0.0
62121,0.0,0.0,0.0,15.0,0.0,0.0,0.0,0.0,2.0,0.0,0.0,0.0,0.0,0.0,4.0,0.0,0.0,3.0
80129,0.0,2.0,0.0,0.0,0.0,12.0,1.0,4.0,18.0,0.0,0.0,0.0,0.0,0.0,12.0,0.0,14.0,0.0
62968,2.0,2.0,0.0,0.0,0.0,8.0,1.0,3.0,6.0,0.0,0.0,0.0,0.0,1.0,11.0,0.0,6.0,0.0
80189,1.0,2.0,0.0,0.0,0.0,10.0,3.0,5.0,11.0,0.0,0.0,0.0,0.0,0.0,61.0,0.0,18.0,14.0
80276,0.0,0.0,0.0,0.0,0.0,0.0,0.0,0.0,0.0,0.0,0.0,0.0,0.0,0.0,0.0,0.0,0.0,0.0
62977,0.0,8.0,0.0,0.0,0.0,31.0,13.0,14.0,37.0,0.0,2.0,0.0,0.0,0.0,84.0,0.0,30.0,0.0
80287,4.0,6.0,0.0,0.0,0.0,31.0,15.0,18.0,32.0,1.0,7.0,0.0,0.0,6.0,57.0,1.0,24.0,0.0
72362,2.0,5.0,0.0,0.0,0.0,37.0,7.0,12.0,26.0,2.0,4.0,0.0,0.0,1.0,43.0,0.0,56.0,0.0
63110,0.0,7.0,0.0,0.0,0.0,23.0,3.0,1.0,23.0,0.0,1.0,0.0,0.0,1.0,12.0,0.0,8.0,3.0
63082,0.0,0.0,0.0,7.0,0.0,0.0,0.0,0.0,1.0,0.0,0.0,0.0,0.0,0.0,5.0,0.0,0.0,0.0
80196,2.0,5.0,0.0,0.0,0.0,20.0,6.0,21.0,58.0,1.0,3.0,0.0,0.0,2.0,71.0,2.0,28.0,0.0
63013,1.0,3.0,0.0,0.0,0.0,39.0,1.0,5.0,34.0,0.0,1.0,0.0,0.0,2.0,80.0,0.0,80.0,8.0
80313,3.0,2.0,0.0,0.0,0.0,37.0,10.0,12.0,21.0,1.0,0.0,0.0,0.0,1.0,90.0,0.0,34.0,10.0
73608,0.0,1.0,0.0,0.0,0.0,6.0,2.0,3.0,4.0,0.0,0.0,0.0,0.0,0.0,7.0,0.0,2.0,0.0
80337,1.0,1.0,2.0,0.0,0.0,26.0,10.0,20.0,18.0,1.0,6.0,0.0,0.0,4.0,30.0,0.0,8.0,0.0
63178,0.0,3.0,0.0,0.0,0.0,15.0,2.0,3.0,15.0,0.0,0.0,0.0,0.0,0.0,21.0,0.0,17.0,0.0
63172,0.0,1.0,1.0,0.0,0.0,9.0,1.0,1.0,4.0,0.0,2.0,0.0,0.0,0.0,19.0,0.0,12.0,4.0
80318,0.0,3.0,0.0,0.0,0.0,13.0,0.0,0.0,2.0,0.0,0.0,0.0,0.0,1.0,8.0,0.0,3.0,3.0
80363,1.0,3.0,0.0,0.0,0.0,16.0,1.0,5.0,8.0,0.0,0.0,0.0,0.0,0.0,25.0,0.0,15.0,0.0
80393,0.0,9.0,0.0,0.0,0.0,55.0,5.0,5.0,37.0,1.0,1.0,0.0,0.0,3.0,43.0,0.0,69.0,0.0
72497,1.0,1.0,0.0,0.0,0.0,39.0,5.0,11.0,36.0,0.0,2.0,0.0,0.0,0.0,36.0,0.0,45.0,0.0
72391,0.0,0.0,0.0,0.0,0.0,0.0,0.0,0.0,0.0,0.0,0.0,0.0,0.0,0.0,0.0,0.0,0.0,0.0
72372,0.0,4.0,0.0,53.0,1.0,1.0,0.0,0.0,1.0,0.0,0.0,0.0,0.0,0.0,41.0,0.0,0.0,6.0
72494,1.0,1.0,0.0,0.0,0.0,7.0,1.0,0.0,4.0,0.0,0.0,0.0,0.0,0.0,29.0,0.0,17.0,1.0
72605,0.0,1.0,0.0,0.0,0.0,14.0,5.0,6.0,7.0,0.0,0.0,0.0,0.0,4.0,12.0,0.0,18.0,5.0
80394,0.0,0.0,0.0,0.0,0.0,0.0,0.0,0.0,0.0,0.0,0.0,0.0,0.0,0.0,0.0,0.0,0.0,0.0
72772,1.0,0.0,0.0,0.0,0.0,17.0,2.0,5.0,15.0,0.0,3.0,0.0,0.0,4.0,11.0,0.0,1.0,0.0
80395,0.0,1.0,0.0,0.0,0.0,4.0,4.0,4.0,7.0,0.0,0.0,0.0,0.0,1.0,9.0,0.0,2.0,0.0
72620,2.0,2.0,0.0,0.0,0.0,24.0,0.0,0.0,4.0,0.0,0.0,0.0,0.0,0.0,26.0,0.0,19.0,6.0
80583,4.0,3.0,1.0,0.0,0.0,24.0,5.0,3.0,17.0,0.0,1.0,0.0,0.0,0.0,28.0,0.0,13.0,0.0
80664,0.0,1.0,1.0,0.0,0.0,15.0,0.0,0.0,10.0,0.0,1.0,0.0,0.0,0.0,13.0,0.0,9.0,3.0
80692,0.0,1.0,0.0,0.0,0.0,17.0,3.0,4.0,13.0,0.0,0.0,0.0,0.0,0.0,20.0,0.0,21.0,3.0
63194,2.0,6.0,1.0,0.0,0.0,50.0,4.0,9.0,18.0,0.0,1.0,0.0,0.0,2.0,49.0,0.0,48.0,5.0
73281,0.0,0.0,0.0,0.0,0.0,1.0,0.0,0.0,3.0,0.0,0.0,0.0,0.0,0.0,1.0,0.0,1.0,0.0
63422,0.0,0.0,0.0,0.0,0.0,4.0,0.0,0.0,5.0,0.0,0.0,0.0,0.0,0.0,3.0,0.0,5.0,0.0
63219,1.0,5.0,0.0,0.0,0.0,54.0,6.0,24.0,53.0,0.0,4.0,0.0,0.0,6.0,79.0,1.0,51.0,0.0
73384,3.0,10.0,1.0,0.0,0.0,42.0,5.0,16.0,61.0,1.0,0.0,0.0,0.0,3.0,73.0,0.0,45.0,8.0
63354,0.0,2.0,0.0,0.0,0.0,11.0,4.0,6.0,12.0,0.0,1.0,0.0,0.0,0.0,15.0,0.0,22.0,5.0
68696,1.0,3.0,0.0,0.0,0.0,23.0,17.0,16.0,31.0,0.0,3.0,0.0,0.0,12.0,21.0,1.0,11.0,0.0
73317,0.0,0.0,0.0,0.0,0.0,0.0,0.0,0.0,0.0,0.0,0.0,0.0,0.0,0.0,0.0,0.0,0.0,0.0
63289,2.0,8.0,0.0,0.0,0.0,30.0,8.0,4.0,22.0,0.0,5.0,0.0,0.0,0.0,63.0,0.0,31.0,0.0
68698,0.0,4.0,0.0,0.0,0.0,24.0,4.0,4.0,15.0,0.0,0.0,0.0,0.0,1.0,25.0,0.0,28.0,0.0
68690,2.0,3.0,0.0,0.0,0.0,20.0,6.0,6.0,19.0,1.0,2.0,0.0,0.0,5.0,18.0,1.0,10.0,0.0
68770,1.0,2.0,0.0,0.0,0.0,19.0,1.0,1.0,4.0,0.0,0.0,0.0,0.0,0.0,14.0,0.0,18.0,0.0
73446,0.0,0.0,0.0,0.0,0.0,0.0,0.0,0.0,0.0,0.0,0.0,0.0,0.0,0.0,0.0,0.0,0.0,0.0
73465,0.0,1.0,0.0,0.0,0.0,1.0,0.0,0.0,2.0,0.0,0.0,0.0,0.0,0.0,4.0,0.0,1.0,0.0
68727,0.0,2.0,0.0,0.0,0.0,24.0,5.0,2.0,6.0,1.0,0.0,0.0,0.0,1.0,37.0,0.0,25.0,8.0
73421,1.0,2.0,0.0,0.0,0.0,13.0,16.0,29.0,20.0,0.0,5.0,1.0,0.0,1.0,119.0,0.0,38.0,9.0
68773,0.0,3.0,0.0,0.0,0.0,11.0,8.0,12.0,11.0,0.0,3.0,0.0,0.0,1.0,16.0,0.0,11.0,0.0
73476,0.0,0.0,0.0,0.0,0.0,0.0,0.0,0.0,0.0,0.0,0.0,0.0,0.0,0.0,0.0,0.0,0.0,0.0
73513,0.0,0.0,0.0,0.0,0.0,12.0,1.0,3.0,18.0,0.0,1.0,0.0,0.0,4.0,14.0,0.0,6.0,0.0
68808,4.0,4.0,0.0,0.0,0.0,37.0,9.0,8.0,41.0,1.0,2.0,0.0,0.0,1.0,65.0,0.0,41.0,10.0
73501,0.0,3.0,0.0,0.0,0.0,7.0,6.0,6.0,4.0,0.0,0.0,0.0,0.0,0.0,22.0,0.0,14.0,0.0
73533,0.0,0.0,0.0,2.0,0.0,0.0,0.0,0.0,0.0,0.0,0.0,0.0,0.0,0.0,0.0,0.0,0.0,0.0
80748,0.0,2.0,0.0,0.0,0.0,28.0,7.0,9.0,14.0,0.0,3.0,0.0,0.0,11.0,17.0,1.0,7.0,0.0
84847,0.0,3.0,1.0,0.0,0.0,12.0,1.0,2.0,3.0,0.0,0.0,0.0,0.0,0.0,17.0,0.0,6.0,3.0
80853,0.0,4.0,0.0,0.0,0.0,16.0,1.0,5.0,13.0,0.0,3.0,0.0,0.0,0.0,34.0,0.0,43.0,7.0
80944,0.0,1.0,0.0,0.0,0.0,9.0,0.0,6.0,10.0,1.0,2.0,0.0,0.0,1.0,19.0,0.0,7.0,0.0
73540,0.0,0.0,0.0,0.0,0.0,12.0,8.0,5.0,15.0,0.0,1.0,0.0,0.0,3.0,10.0,0.0,5.0,0.0
84854,0.0,0.0,0.0,6.0,0.0,0.0,0.0,0.0,0.0,0.0,0.0,0.0,0.0,0.0,2.0,0.0,0.0,0.0
80949,0.0,0.0,0.0,0.0,0.0,0.0,0.0,0.0,0.0,0.0,0.0,0.0,0.0,0.0,0.0,0.0,0.0,0.0
84860,2.0,0.0,0.0,0.0,0.0,6.0,0.0,0.0,5.0,0.0,0.0,0.0,0.0,0.0,9.0,0.0,5.0,1.0
81091,0.0,3.0,0.0,0.0,0.0,22.0,2.0,2.0,27.0,1.0,2.0,0.0,0.0,0.0,17.0,0.0,27.0,0.0
81150,0.0,0.0,0.0,0.0,0.0,2.0,0.0,0.0,1.0,0.0,0.0,1.0,0.0,0.0,6.0,0.0,0.0,1.0
84861,0.0,1.0,0.0,0.0,0.0,2.0,1.0,1.0,3.0,0.0,0.0,0.0,0.0,0.0,1.0,0.0,1.0,0.0
81951,0.0,1.0,0.0,0.0,0.0,16.0,2.0,1.0,16.0,0.0,0.0,0.0,0.0,0.0,13.0,0.0,14.0,3.0
84863,0.0,0.0,0.0,0.0,0.0,0.0,0.0,0.0,0.0,0.0,0.0,0.0,0.0,0.0,0.0,0.0,0.0,0.0
81905,0.0,0.0,0.0,0.0,0.0,3.0,1.0,1.0,1.0,0.0,0.0,0.0,0.0,1.0,1.0,0.0,2.0,0.0
81881,0.0,0.0,0.0,21.0,0.0,0.0,0.0,0.0,0.0,0.0,0.0,0.0,0.0,0.0,5.0,0.0,0.0,3.0
81845,6.0,5.0,0.0,0.0,0.0,23.0,15.0,10.0,52.0,0.0,4.0,0.0,0.0,1.0,42.0,0.0,19.0,0.0
84893,0.0,5.0,0.0,0.0,0.0,22.0,1.0,2.0,32.0,0.0,0.0,0.0,0.0,0.0,23.0,0.0,19.0,7.0
84890,0.0,3.0,0.0,0.0,0.0,15.0,5.0,8.0,10.0,1.0,0.0,0.0,0.0,2.0,20.0,0.0,12.0,1.0
85300,2.0,1.0,1.0,0.0,0.0,15.0,1.0,6.0,4.0,0.0,1.0,0.0,0.0,0.0,16.0,0.0,8.0,0.0
82407,1.0,1.0,0.0,0.0,0.0,22.0,2.0,2.0,20.0,0.0,0.0,0.0,0.0,0.0,10.0,0.0,11.0,0.0
85004,0.0,2.0,0.0,6.0,0.0,0.0,0.0,0.0,2.0,0.0,0.0,0.0,0.0,0.0,3.0,0.0,1.0,3.0
85418,0.0,0.0,0.0,0.0,0.0,0.0,0.0,0.0,0.0,0.0,0.0,0.0,0.0,0.0,0.0,0.0,0.0,0.0
82453,0.0,0.0,0.0,93.0,2.0,0.0,0.0,0.0,8.0,0.0,0.0,0.0,0.0,0.0,18.0,0.0,0.0,10.0
85425,0.0,0.0,0.0,0.0,0.0,0.0,0.0,0.0,0.0,0.0,0.0,0.0,0.0,0.0,0.0,0.0,0.0,0.0
82474,0.0,2.0,0.0,0.0,0.0,14.0,5.0,6.0,6.0,1.0,1.0,0.0,0.0,0.0,14.0,0.0,14.0,0.0
85423,1.0,0.0,0.0,0.0,0.0,11.0,3.0,5.0,11.0,0.0,0.0,0.0,0.0,0.0,14.0,0.0,5.0,0.0
82455,4.0,5.0,0.0,0.0,0.0,51.0,11.0,13.0,54.0,1.0,2.0,0.0,0.0,3.0,27.0,0.0,31.0,0.0
85465,1.0,3.0,0.0,0.0,0.0,18.0,10.0,19.0,37.0,1.0,5.0,0.0,0.0,1.0,30.0,0.0,17.0,0.0
82613,0.0,6.0,0.0,0.0,0.0,24.0,1.0,8.0,5.0,0.0,1.0,0.0,0.0,3.0,34.0,0.0,29.0,6.0
82634,0.0,0.0,0.0,0.0,0.0,0.0,0.0,0.0,0.0,0.0,0.0,0.0,0.0,0.0,0.0,0.0,0.0,0.0
82635,0.0,5.0,0.0,0.0,0.0,31.0,4.0,7.0,24.0,0.0,0.0,0.0,0.0,3.0,54.0,0.0,39.0,8.0
82628,2.0,0.0,0.0,0.0,0.0,8.0,0.0,5.0,7.0,0.0,3.0,0.0,0.0,0.0,66.0,0.0,19.0,5.0
85626,0.0,1.0,0.0,0.0,0.0,2.0,0.0,0.0,2.0,0.0,0.0,0.0,0.0,0.0,3.0,0.0,2.0,1.0
85931,1.0,1.0,0.0,0.0,0.0,9.0,4.0,5.0,6.0,1.0,0.0,0.0,0.0,0.0,7.0,0.0,5.0,0.0
82639,2.0,3.0,0.0,0.0,0.0,9.0,1.0,4.0,10.0,0.0,0.0,0.0,0.0,0.0,18.0,0.0,12.0,3.0
82647,0.0,1.0,0.0,0.0,0.0,0.0,1.0,1.0,4.0,0.0,0.0,0.0,0.0,0.0,1.0,0.0,2.0,0.0
82653,0.0,2.0,0.0,0.0,0.0,15.0,2.0,6.0,25.0,0.0,0.0,0.0,0.0,3.0,11.0,0.0,3.0,0.0
82730,0.0,0.0,0.0,6.0,0.0,0.0,0.0,0.0,1.0,0.0,0.0,0.0,0.0,0.0,0.0,0.0,0.0,0.0
82880,0.0,1.0,0.0,0.0,0.0,6.0,3.0,5.0,9.0,0.0,1.0,0.0,0.0,2.0,6.0,0.0,0.0,0.0
82787,0.0,0.0,0.0,0.0,0.0,3.0,1.0,2.0,2.0,0.0,0.0,0.0,0.0,0.0,0.0,0.0,2.0,0.0
82767,0.0,1.0,0.0,0.0,0.0,17.0,12.0,5.0,20.0,0.0,1.0,0.0,0.0,6.0,23.0,0.0,4.0,0.0
82411,0.0,1.0,0.0,0.0,0.0,4.0,0.0,0.0,4.0,0.0,0.0,0.0,0.0,0.0,12.0,0.0,5.0,0.0
86116,0.0,2.0,0.0,0.0,0.0,8.0,0.0,3.0,14.0,0.0,0.0,0.0,0.0,0.0,12.0,0.0,8.0,0.0
86120,1.0,1.0,0.0,0.0,0.0,7.0,4.0,7.0,8.0,0.0,1.0,0.0,0.0,2.0,8.0,0.0,2.0,0.0
82943,0.0,0.0,0.0,0.0,0.0,0.0,0.0,0.0,0.0,0.0,0.0,0.0,0.0,0.0,0.0,0.0,0.0,0.0
82930,0.0,5.0,0.0,0.0,0.0,15.0,0.0,1.0,20.0,0.0,0.0,0.0,0.0,0.0,17.0,0.0,16.0,0.0
86519,0.0,1.0,0.0,0.0,0.0,3.0,1.0,3.0,10.0,0.0,0.0,0.0,0.0,0.0,12.0,0.0,3.0,0.0
86410,0.0,2.0,1.0,0.0,0.0,9.0,0.0,3.0,3.0,0.0,0.0,0.0,0.0,0.0,3.0,0.0,3.0,0.0
86380,0.0,2.0,0.0,0.0,0.0,16.0,1.0,1.0,23.0,0.0,0.0,0.0,0.0,0.0,19.0,0.0,24.0,0.0
86143,0.0,1.0,0.0,0.0,0.0,4.0,0.0,1.0,1.0,0.0,0.0,0.0,0.0,0.0,3.0,0.0,3.0,0.0
86444,0.0,0.0,0.0,0.0,0.0,2.0,1.0,1.0,5.0,1.0,0.0,0.0,0.0,1.0,1.0,0.0,4.0,0.0
86686,0.0,7.0,0.0,0.0,0.0,45.0,13.0,15.0,42.0,0.0,1.0,0.0,0.0,1.0,66.0,0.0,47.0,0.0
86711,1.0,8.0,0.0,0.0,0.0,36.0,4.0,5.0,30.0,0.0,0.0,0.0,0.0,0.0,39.0,0.0,39.0,0.0
83004,1.0,5.0,0.0,0.0,0.0,33.0,26.0,31.0,46.0,1.0,1.0,0.0,0.0,4.0,32.0,0.0,10.0,0.0
86264,0.0,2.0,0.0,0.0,0.0,8.0,0.0,1.0,4.0,0.0,0.0,1.0,0.0,0.0,15.0,0.0,9.0,2.0
83257,6.0,9.0,1.0,0.0,0.0,19.0,37.0,33.0,29.0,0.0,25.0,0.0,0.0,17.0,54.0,0.0,8.0,0.0
83199,0.0,1.0,0.0,0.0,0.0,2.0,2.0,0.0,0.0,0.0,0.0,0.0,0.0,0.0,2.0,0.0,0.0,0.0
86740,0.0,3.0,0.0,0.0,0.0,17.0,10.0,9.0,10.0,0.0,1.0,1.0,0.0,4.0,63.0,0.0,36.0,6.0
90715,0.0,6.0,1.0,0.0,0.0,34.0,5.0,15.0,43.0,1.0,1.0,0.0,0.0,5.0,44.0,0.0,22.0,0.0
86757,5.0,3.0,0.0,0.0,0.0,19.0,22.0,32.0,34.0,2.0,11.0,0.0,0.0,2.0,52.0,0.0,36.0,0.0
86749,0.0,0.0,0.0,0.0,0.0,1.0,4.0,3.0,5.0,0.0,0.0,0.0,0.0,0.0,4.0,0.0,0.0,0.0
83263,0.0,0.0,0.0,0.0,0.0,0.0,0.0,0.0,0.0,0.0,0.0,0.0,0.0,0.0,0.0,0.0,0.0,0.0
86759,6.0,0.0,0.0,0.0,0.0,11.0,10.0,14.0,35.0,1.0,4.0,0.0,0.0,3.0,56.0,0.0,16.0,0.0
90285,4.0,8.0,0.0,0.0,0.0,53.0,25.0,36.0,69.0,3.0,19.0,0.0,0.0,9.0,52.0,1.0,25.0,0.0
95660,0.0,1.0,0.0,0.0,0.0,3.0,0.0,0.0,3.0,0.0,0.0,0.0,0.0,0.0,16.0,0.0,13.0,0.0
83433,1.0,5.0,0.0,0.0,0.0,35.0,4.0,14.0,36.0,0.0,2.0,0.0,0.0,0.0,47.0,0.0,60.0,0.0
73896,1.0,4.0,1.0,0.0,0.0,27.0,10.0,12.0,26.0,1.0,0.0,0.0,0.0,1.0,35.0,0.0,17.0,0.0
86776,0.0,5.0,0.0,69.0,2.0,3.0,0.0,0.0,4.0,0.0,0.0,0.0,0.0,0.0,18.0,0.0,0.0,9.0
86770,0.0,6.0,1.0,0.0,0.0,44.0,8.0,12.0,44.0,0.0,5.0,0.0,0.0,0.0,69.0,0.0,39.0,0.0
73974,1.0,8.0,0.0,0.0,0.0,39.0,0.0,8.0,24.0,0.0,0.0,0.0,0.0,0.0,29.0,0.0,57.0,0.0
83528,0.0,7.0,0.0,0.0,0.0,40.0,4.0,8.0,15.0,0.0,2.0,0.0,0.0,2.0,70.0,0.0,24.0,10.0
83438,3.0,2.0,0.0,0.0,0.0,22.0,8.0,16.0,40.0,0.0,3.0,0.0,0.0,16.0,29.0,0.0,9.0,0.0
86797,1.0,2.0,1.0,0.0,0.0,21.0,7.0,8.0,18.0,2.0,1.0,1.0,0.0,6.0,15.0,0.0,5.0,0.0
86890,0.0,0.0,0.0,0.0,0.0,2.0,0.0,0.0,0.0,0.0,0.0,0.0,0.0,1.0,1.0,0.0,0.0,0.0
90302,2.0,3.0,0.0,0.0,0.0,19.0,11.0,12.0,32.0,0.0,2.0,0.0,0.0,3.0,54.0,0.0,16.0,0.0
86842,0.0,1.0,0.0,0.0,0.0,1.0,0.0,0.0,0.0,0.0,0.0,0.0,0.0,0.0,0.0,0.0,0.0,0.0
86932,2.0,2.0,0.0,0.0,0.0,30.0,10.0,18.0,19.0,0.0,4.0,0.0,0.0,8.0,8.0,0.0,6.0,0.0
83681,1.0,0.0,0.0,0.0,0.0,4.0,3.0,2.0,4.0,1.0,1.0,0.0,0.0,0.0,6.0,0.0,9.0,1.0
86859,0.0,3.0,0.0,0.0,0.0,21.0,2.0,6.0,12.0,0.0,0.0,0.0,0.0,0.0,30.0,0.0,24.0,0.0
83817,5.0,6.0,0.0,0.0,0.0,31.0,11.0,11.0,48.0,1.0,3.0,0.0,0.0,4.0,53.0,0.0,19.0,0.0
83772,0.0,1.0,0.0,0.0,0.0,15.0,3.0,12.0,25.0,0.0,1.0,0.0,0.0,2.0,33.0,0.0,12.0,0.0
83869,0.0,0.0,0.0,0.0,0.0,0.0,0.0,0.0,0.0,0.0,0.0,0.0,0.0,0.0,0.0,0.0,0.0,0.0
86972,0.0,3.0,0.0,0.0,0.0,13.0,2.0,0.0,3.0,0.0,1.0,0.0,0.0,1.0,22.0,0.0,13.0,4.0
84253,0.0,1.0,0.0,0.0,0.0,1.0,0.0,0.0,0.0,0.0,0.0,0.0,0.0,0.0,1.0,0.0,0.0,0.0
84338,0.0,0.0,0.0,0.0,0.0,0.0,0.0,0.0,0.0,0.0,0.0,0.0,0.0,0.0,0.0,0.0,0.0,0.0
86973,0.0,2.0,0.0,0.0,0.0,9.0,4.0,3.0,1.0,0.0,0.0,0.0,0.0,0.0,18.0,0.0,7.0,4.0
87192,0.0,4.0,0.0,0.0,0.0,13.0,1.0,3.0,6.0,0.0,0.0,0.0,0.0,0.0,40.0,0.0,39.0,7.0
84382,2.0,3.0,1.0,0.0,0.0,33.0,5.0,7.0,9.0,1.0,2.0,0.0,0.0,1.0,47.0,0.0,23.0,5.0
84428,0.0,1.0,0.0,0.0,0.0,17.0,2.0,6.0,11.0,0.0,0.0,0.0,0.0,1.0,23.0,0.0,22.0,0.0
87009,0.0,2.0,0.0,0.0,0.0,24.0,5.0,6.0,8.0,1.0,4.0,0.0,0.0,0.0,24.0,0.0,20.0,0.0
84339,3.0,1.0,1.0,0.0,0.0,11.0,1.0,4.0,14.0,0.0,3.0,0.0,0.0,1.0,16.0,1.0,6.0,4.0
87258,3.0,10.0,1.0,0.0,0.0,24.0,19.0,24.0,44.0,3.0,9.0,0.0,0.0,20.0,66.0,0.0,20.0,0.0
84462,0.0,3.0,0.0,0.0,0.0,13.0,2.0,3.0,6.0,0.0,0.0,0.0,0.0,0.0,12.0,0.0,4.0,0.0
87225,0.0,0.0,0.0,0.0,0.0,2.0,2.0,3.0,13.0,0.0,0.0,0.0,0.0,0.0,18.0,0.0,15.0,7.0
84509,2.0,6.0,0.0,0.0,0.0,27.0,3.0,6.0,16.0,0.0,0.0,0.0,0.0,0.0,25.0,0.0,34.0,6.0
87342,0.0,8.0,0.0,0.0,0.0,29.0,0.0,2.0,19.0,0.0,1.0,0.0,0.0,0.0,28.0,0.0,45.0,8.0
84381,0.0,2.0,0.0,0.0,0.0,10.0,4.0,6.0,10.0,2.0,1.0,0.0,0.0,1.0,8.0,0.0,2.0,0.0
87393,1.0,6.0,0.0,0.0,0.0,22.0,3.0,7.0,27.0,0.0,1.0,0.0,0.0,1.0,55.0,0.0,40.0,10.0
74061,0.0,4.0,0.0,58.0,0.0,0.0,0.0,0.0,5.0,0.0,0.0,0.0,0.0,0.0,18.0,0.0,0.0,10.0
87470,1.0,4.0,0.0,0.0,0.0,21.0,9.0,7.0,15.0,0.0,2.0,0.0,0.0,3.0,18.0,0.0,27.0,0.0
73992,1.0,4.0,0.0,0.0,0.0,17.0,1.0,1.0,10.0,0.0,0.0,0.0,0.0,2.0,11.0,0.0,17.0,4.0
87552,1.0,2.0,0.0,0.0,0.0,19.0,7.0,16.0,31.0,2.0,5.0,0.0,0.0,0.0,46.0,0.0,23.0,0.0
84523,4.0,1.0,0.0,0.0,0.0,18.0,13.0,9.0,73.0,0.0,3.0,0.0,0.0,3.0,51.0,0.0,19.0,0.0
87679,0.0,0.0,0.0,0.0,0.0,5.0,3.0,6.0,4.0,0.0,0.0,0.0,0.0,5.0,2.0,0.0,1.0,0.0
87437,0.0,2.0,0.0,0.0,0.0,5.0,0.0,3.0,2.0,0.0,0.0,0.0,0.0,0.0,7.0,0.0,5.0,1.0
74069,1.0,1.0,1.0,0.0,0.0,18.0,4.0,8.0,13.0,0.0,0.0,0.0,0.0,1.0,39.0,0.0,21.0,0.0
74074,0.0,1.0,0.0,0.0,0.0,2.0,0.0,2.0,0.0,0.0,0.0,0.0,0.0,0.0,6.0,0.0,5.0,0.0
87747,2.0,5.0,0.0,0.0,0.0,33.0,4.0,5.0,48.0,2.0,1.0,0.0,0.0,2.0,39.0,0.0,47.0,0.0
87863,13.0,1.0,0.0,0.0,0.0,23.0,7.0,18.0,41.0,1.0,13.0,0.0,0.0,0.0,80.0,0.0,33.0,0.0
74140,2.0,3.0,0.0,0.0,0.0,12.0,14.0,8.0,70.0,0.0,3.0,0.0,0.0,3.0,54.0,0.0,27.0,0.0
75295,1.0,2.0,1.0,0.0,0.0,39.0,21.0,29.0,43.0,1.0,9.0,0.0,0.0,10.0,39.0,1.0,9.0,0.0
74213,2.0,6.0,0.0,0.0,0.0,18.0,3.0,5.0,8.0,0.0,1.0,0.0,0.0,1.0,20.0,0.0,8.0,0.0
77570,0.0,1.0,0.0,0.0,0.0,8.0,0.0,0.0,3.0,0.0,0.0,0.0,0.0,0.0,9.0,0.0,10.0,0.0
87929,0.0,0.0,0.0,0.0,0.0,3.0,0.0,0.0,4.0,0.0,0.0,0.0,0.0,0.0,1.0,0.0,2.0,0.0
90309,2.0,3.0,0.0,0.0,0.0,50.0,16.0,22.0,28.0,1.0,0.0,0.0,0.0,13.0,45.0,0.0,19.0,0.0
75372,0.0,5.0,1.0,0.0,0.0,21.0,2.0,5.0,24.0,0.0,1.0,0.0,0.0,9.0,20.0,0.0,10.0,0.0
87877,1.0,4.0,0.0,0.0,0.0,21.0,9.0,13.0,18.0,1.0,0.0,0.0,0.0,1.0,23.0,0.0,14.0,0.0
78077,1.0,2.0,0.0,0.0,0.0,22.0,5.0,4.0,33.0,0.0,5.0,0.0,0.0,1.0,45.0,0.0,29.0,9.0
87999,4.0,1.0,0.0,0.0,0.0,16.0,20.0,20.0,19.0,0.0,4.0,0.0,0.0,2.0,54.0,1.0,16.0,0.0
77809,0.0,1.0,0.0,0.0,0.0,11.0,3.0,8.0,2.0,0.0,4.0,0.0,0.0,0.0,19.0,0.0,11.0,0.0
90444,2.0,4.0,1.0,0.0,0.0,55.0,5.0,12.0,16.0,0.0,0.0,0.0,0.0,2.0,50.0,0.0,73.0,10.0
90569,0.0,9.0,0.0,0.0,0.0,40.0,1.0,7.0,14.0,0.0,0.0,0.0,0.0,0.0,37.0,0.0,29.0,0.0
78117,1.0,8.0,0.0,0.0,0.0,69.0,27.0,49.0,50.0,1.0,13.0,0.0,0.0,2.0,75.0,1.0,15.0,0.0
78086,0.0,1.0,1.0,9.0,0.0,0.0,0.0,0.0,1.0,0.0,0.0,0.0,0.0,0.0,0.0,0.0,0.0,1.0
88427,0.0,4.0,0.0,0.0,0.0,15.0,1.0,1.0,12.0,0.0,0.0,0.0,0.0,1.0,9.0,0.0,15.0,0.0
90572,2.0,7.0,1.0,0.0,0.0,38.0,1.0,7.0,144.0,0.0,0.0,0.0,0.0,0.0,86.0,0.0,89.0,0.0
81677,9.0,4.0,0.0,0.0,0.0,41.0,23.0,36.0,71.0,2.0,10.0,0.0,0.0,7.0,121.0,2.0,34.0,0.0
81241,0.0,5.0,0.0,0.0,0.0,16.0,3.0,4.0,7.0,1.0,1.0,1.0,0.0,1.0,30.0,0.0,20.0,10.0
73619,0.0,2.0,0.0,0.0,0.0,19.0,6.0,14.0,32.0,0.0,1.0,0.0,0.0,0.0,10.0,0.0,5.0,0.0
73620,1.0,6.0,0.0,0.0,0.0,48.0,6.0,11.0,27.0,0.0,1.0,0.0,0.0,1.0,39.0,0.0,41.0,13.0
81682,2.0,2.0,1.0,0.0,0.0,19.0,22.0,25.0,8.0,1.0,6.0,0.0,0.0,1.0,83.0,0.0,16.0,0.0
88065,4.0,4.0,0.0,0.0,0.0,30.0,13.0,14.0,46.0,0.0,1.0,0.0,0.0,2.0,60.0,0.0,54.0,14.0
90768,0.0,3.0,0.0,0.0,0.0,4.0,1.0,3.0,12.0,0.0,0.0,0.0,0.0,0.0,23.0,0.0,15.0,10.0
88125,0.0,3.0,0.0,0.0,0.0,27.0,2.0,3.0,16.0,0.0,0.0,0.0,0.0,0.0,10.0,0.0,19.0,0.0
78151,0.0,0.0,0.0,0.0,0.0,0.0,0.0,0.0,0.0,0.0,0.0,0.0,0.0,0.0,0.0,0.0,0.0,0.0
81770,0.0,1.0,0.0,0.0,0.0,7.0,5.0,3.0,0.0,0.0,0.0,0.0,0.0,0.0,5.0,0.0,0.0,0.0
73741,3.0,3.0,0.0,0.0,0.0,44.0,11.0,14.0,12.0,3.0,4.0,0.0,0.0,11.0,18.0,0.0,15.0,0.0
90843,0.0,0.0,0.0,0.0,0.0,0.0,0.0,0.0,0.0,0.0,0.0,0.0,0.0,0.0,0.0,0.0,0.0,0.0
73721,0.0,0.0,0.0,0.0,0.0,3.0,0.0,0.0,3.0,0.0,0.0,0.0,0.0,0.0,3.0,0.0,2.0,0.0
81798,2.0,8.0,0.0,0.0,0.0,33.0,16.0,14.0,47.0,1.0,1.0,0.0,0.0,4.0,69.0,1.0,20.0,0.0
88225,0.0,2.0,0.0,0.0,0.0,23.0,1.0,2.0,7.0,0.0,0.0,0.0,0.0,2.0,35.0,0.0,22.0,4.0
90846,0.0,1.0,0.0,0.0,0.0,9.0,1.0,0.0,3.0,0.0,0.0,0.0,0.0,0.0,21.0,0.0,5.0,3.0
78248,0.0,10.0,2.0,0.0,0.0,38.0,4.0,7.0,20.0,0.0,3.0,0.0,0.0,1.0,57.0,0.0,20.0,14.0
88224,0.0,0.0,0.0,0.0,0.0,0.0,0.0,0.0,0.0,0.0,0.0,0.0,0.0,0.0,1.0,0.0,0.0,0.0
73800,0.0,4.0,0.0,0.0,0.0,30.0,4.0,16.0,12.0,0.0,2.0,0.0,0.0,1.0,27.0,0.0,24.0,12.0
73789,0.0,4.0,0.0,0.0,0.0,30.0,4.0,3.0,16.0,0.0,1.0,0.0,0.0,0.0,25.0,0.0,41.0,0.0
81776,0.0,1.0,0.0,0.0,0.0,10.0,6.0,4.0,15.0,2.0,0.0,0.0,0.0,0.0,15.0,0.0,6.0,0.0
73858,2.0,6.0,0.0,0.0,0.0,30.0,3.0,9.0,18.0,0.0,0.0,0.0,0.0,0.0,32.0,0.0,26.0,0.0
90118,0.0,1.0,1.0,0.0,0.0,19.0,1.0,3.0,21.0,0.0,0.0,0.0,0.0,1.0,33.0,0.0,16.0,5.0
88368,0.0,8.0,1.0,0.0,0.0,33.0,4.0,4.0,37.0,0.0,2.0,0.0,0.0,1.0,22.0,0.0,36.0,0.0
88651,0.0,0.0,0.0,0.0,0.0,9.0,1.0,1.0,6.0,0.0,0.0,0.0,0.0,1.0,3.0,0.0,0.0,0.0
88669,2.0,5.0,0.0,0.0,0.0,17.0,14.0,17.0,34.0,0.0,3.0,0.0,0.0,4.0,48.0,0.0,18.0,0.0
78415,0.0,3.0,0.0,0.0,0.0,5.0,4.0,6.0,0.0,0.0,0.0,0.0,0.0,2.0,9.0,0.0,1.0,0.0
89101,0.0,1.0,0.0,0.0,0.0,3.0,1.0,2.0,1.0,0.0,0.0,0.0,0.0,0.0,8.0,0.0,4.0,0.0
90933,0.0,1.0,0.0,0.0,0.0,0.0,0.0,0.0,0.0,0.0,0.0,0.0,0.0,0.0,0.0,0.0,0.0,0.0
89150,0.0,1.0,0.0,0.0,0.0,2.0,0.0,2.0,1.0,0.0,0.0,0.0,0.0,0.0,1.0,0.0,3.0,0.0
89493,0.0,3.0,1.0,0.0,0.0,36.0,3.0,7.0,20.0,0.0,0.0,0.0,0.0,1.0,32.0,0.0,37.0,7.0
91151,1.0,2.0,0.0,0.0,0.0,15.0,2.0,8.0,15.0,0.0,1.0,0.0,0.0,3.0,7.0,0.0,8.0,0.0
89226,0.0,2.0,0.0,0.0,0.0,5.0,0.0,2.0,4.0,1.0,1.0,0.0,0.0,0.0,9.0,0.0,6.0,0.0
90943,0.0,0.0,0.0,0.0,0.0,3.0,0.0,0.0,0.0,0.0,0.0,0.0,0.0,0.0,2.0,0.0,1.0,0.0
89256,3.0,2.0,0.0,0.0,0.0,51.0,6.0,9.0,73.0,2.0,2.0,0.0,0.0,0.0,48.0,0.0,34.0,0.0
95802,0.0,4.0,0.0,0.0,0.0,20.0,1.0,4.0,18.0,0.0,0.0,0.0,0.0,0.0,18.0,0.0,14.0,0.0
90917,0.0,2.0,0.0,0.0,0.0,5.0,1.0,1.0,8.0,0.0,0.0,0.0,0.0,2.0,3.0,0.0,1.0,0.0
91191,0.0,0.0,0.0,0.0,0.0,0.0,0.0,0.0,0.0,0.0,0.0,0.0,0.0,0.0,0.0,0.0,0.0,0.0
95820,0.0,0.0,0.0,0.0,0.0,0.0,0.0,0.0,0.0,0.0,0.0,0.0,0.0,0.0,0.0,0.0,0.0,0.0
89273,0.0,3.0,0.0,0.0,0.0,20.0,2.0,6.0,12.0,0.0,1.0,0.0,0.0,0.0,11.0,0.0,15.0,2.0
89342,0.0,0.0,0.0,0.0,0.0,0.0,0.0,0.0,0.0,0.0,0.0,0.0,0.0,0.0,0.0,0.0,0.0,0.0
91102,1.0,6.0,0.0,0.0,0.0,56.0,4.0,8.0,22.0,0.0,0.0,0.0,0.0,1.0,40.0,0.0,51.0,0.0
89883,0.0,1.0,1.0,0.0,0.0,5.0,0.0,0.0,7.0,0.0,0.0,0.0,0.0,0.0,2.0,0.0,10.0,0.0
91130,0.0,0.0,0.0,0.0,0.0,0.0,0.0,0.0,0.0,0.0,0.0,0.0,0.0,0.0,0.0,0.0,0.0,0.0
89492,0.0,0.0,0.0,0.0,0.0,0.0,0.0,0.0,0.0,0.0,0.0,0.0,0.0,0.0,0.0,0.0,0.0,0.0
89815,0.0,2.0,1.0,0.0,0.0,9.0,4.0,11.0,13.0,0.0,0.0,0.0,0.0,1.0,21.0,0.0,5.0,0.0
90061,5.0,5.0,1.0,0.0,0.0,48.0,2.0,5.0,70.0,0.0,0.0,0.0,0.0,0.0,76.0,0.0,61.0,7.0
99550,1.0,7.0,0.0,0.0,0.0,37.0,4.0,2.0,17.0,1.0,0.0,0.0,0.0,0.0,47.0,0.0,35.0,8.0
91201,3.0,2.0,0.0,0.0,0.0,18.0,8.0,19.0,33.0,0.0,8.0,0.0,0.0,7.0,41.0,0.0,18.0,0.0
91242,4.0,8.0,0.0,0.0,0.0,54.0,12.0,22.0,39.0,1.0,5.0,0.0,0.0,7.0,44.0,0.0,25.0,0.0
91251,1.0,0.0,0.0,0.0,0.0,2.0,0.0,1.0,1.0,0.0,0.0,0.0,0.0,2.0,11.0,0.0,15.0,3.0
100289,1.0,0.0,0.0,0.0,0.0,7.0,2.0,6.0,15.0,0.0,1.0,0.0,0.0,1.0,13.0,0.0,4.0,0.0
99721,0.0,1.0,0.0,0.0,0.0,0.0,0.0,0.0,0.0,0.0,0.0,0.0,0.0,0.0,1.0,0.0,0.0,0.0
99802,1.0,5.0,0.0,0.0,0.0,61.0,8.0,24.0,37.0,0.0,1.0,0.0,0.0,1.0,77.0,0.0,53.0,0.0
99881,0.0,2.0,1.0,0.0,0.0,17.0,1.0,4.0,8.0,0.0,1.0,0.0,0.0,0.0,25.0,0.0,26.0,3.0
99891,1.0,0.0,0.0,0.0,0.0,9.0,11.0,12.0,25.0,1.0,3.0,0.0,0.0,4.0,49.0,0.0,20.0,0.0
95875,0.0,0.0,0.0,0.0,0.0,0.0,0.0,0.0,0.0,0.0,0.0,0.0,0.0,0.0,0.0,0.0,0.0,0.0
99789,0.0,0.0,0.0,0.0,0.0,2.0,2.0,4.0,4.0,1.0,0.0,0.0,0.0,0.0,6.0,0.0,4.0,0.0
99661,0.0,1.0,0.0,0.0,0.0,9.0,3.0,4.0,5.0,0.0,2.0,0.0,0.0,1.0,11.0,0.0,4.0,0.0
96340,1.0,2.0,1.0,0.0,0.0,15.0,13.0,11.0,26.0,0.0,1.0,0.0,0.0,2.0,24.0,0.0,21.0,0.0
99903,0.0,2.0,0.0,0.0,0.0,10.0,2.0,3.0,10.0,0.0,0.0,0.0,0.0,0.0,6.0,0.0,9.0,0.0
100290,0.0,0.0,0.0,0.0,0.0,2.0,0.0,1.0,0.0,0.0,0.0,0.0,0.0,0.0,1.0,0.0,0.0,0.0
100425,1.0,1.0,0.0,0.0,0.0,36.0,4.0,9.0,13.0,0.0,1.0,0.0,0.0,1.0,19.0,0.0,13.0,0.0
101319,4.0,0.0,0.0,0.0,0.0,13.0,1.0,3.0,13.0,0.0,0.0,0.0,0.0,2.0,49.0,0.0,38.0,2.0
99900,1.0,4.0,0.0,0.0,0.0,14.0,2.0,4.0,15.0,0.0,0.0,0.0,0.0,0.0,15.0,0.0,11.0,0.0
99918,0.0,1.0,0.0,0.0,0.0,4.0,3.0,2.0,14.0,0.0,1.0,0.0,0.0,0.0,8.0,0.0,6.0,0.0
96382,0.0,5.0,0.0,0.0,0.0,18.0,1.0,2.0,12.0,0.0,1.0,0.0,0.0,0.0,54.0,0.0,21.0,8.0
91260,0.0,0.0,0.0,0.0,0.0,0.0,0.0,0.0,0.0,0.0,0.0,0.0,0.0,0.0,0.0,0.0,0.0,0.0
99915,0.0,0.0,0.0,0.0,0.0,5.0,2.0,3.0,13.0,2.0,0.0,0.0,0.0,1.0,8.0,0.0,7.0,0.0
101580,0.0,0.0,0.0,0.0,0.0,0.0,0.0,0.0,0.0,0.0,0.0,0.0,0.0,0.0,0.0,0.0,0.0,0.0
91708,1.0,8.0,0.0,0.0,0.0,28.0,3.0,8.0,25.0,0.0,1.0,0.0,0.0,0.0,30.0,0.0,49.0,10.0
100002,0.0,1.0,0.0,0.0,0.0,3.0,0.0,1.0,7.0,0.0,0.0,0.0,0.0,0.0,4.0,0.0,2.0,0.0
100430,0.0,0.0,0.0,0.0,0.0,3.0,0.0,1.0,1.0,0.0,0.0,0.0,0.0,0.0,0.0,0.0,0.0,0.0
100652,0.0,0.0,0.0,0.0,0.0,0.0,0.0,0.0,0.0,0.0,0.0,0.0,0.0,0.0,0.0,0.0,0.0,0.0
96454,0.0,0.0,0.0,0.0,0.0,0.0,0.0,0.0,0.0,0.0,0.0,0.0,0.0,0.0,0.0,0.0,0.0,0.0
91508,1.0,2.0,0.0,0.0,0.0,8.0,5.0,12.0,12.0,0.0,1.0,0.0,0.0,1.0,43.0,0.0,10.0,0.0
95860,0.0,0.0,0.0,0.0,0.0,0.0,0.0,0.0,0.0,0.0,0.0,0.0,0.0,0.0,0.0,0.0,0.0,0.0
91573,1.0,5.0,0.0,0.0,0.0,35.0,5.0,7.0,23.0,0.0,1.0,0.0,0.0,2.0,46.0,0.0,30.0,9.0
96464,0.0,0.0,0.0,0.0,0.0,0.0,0.0,0.0,0.0,0.0,0.0,0.0,0.0,0.0,0.0,0.0,0.0,0.0
100065,2.0,1.0,0.0,0.0,0.0,5.0,4.0,6.0,8.0,0.0,3.0,0.0,0.0,1.0,10.0,0.0,3.0,0.0
95830,0.0,0.0,0.0,0.0,0.0,0.0,0.0,0.0,0.0,0.0,0.0,0.0,0.0,0.0,0.0,0.0,0.0,0.0
100103,0.0,0.0,0.0,0.0,0.0,4.0,2.0,2.0,1.0,0.0,0.0,0.0,0.0,0.0,1.0,0.0,0.0,0.0
100084,2.0,3.0,0.0,0.0,0.0,20.0,8.0,8.0,28.0,0.0,2.0,0.0,0.0,1.0,35.0,0.0,12.0,0.0
91733,1.0,12.0,0.0,0.0,0.0,56.0,5.0,7.0,33.0,0.0,0.0,0.0,0.0,0.0,81.0,0.0,78.0,0.0
91712,0.0,0.0,0.0,0.0,0.0,0.0,0.0,0.0,0.0,0.0,0.0,0.0,0.0,0.0,0.0,0.0,0.0,0.0
100840,0.0,0.0,0.0,0.0,0.0,0.0,0.0,0.0,0.0,0.0,0.0,0.0,0.0,0.0,0.0,0.0,0.0,0.0
91808,0.0,0.0,0.0,0.0,0.0,0.0,0.0,0.0,0.0,0.0,0.0,0.0,0.0,0.0,0.0,0.0,0.0,0.0
100842,0.0,0.0,0.0,0.0,0.0,0.0,0.0,0.0,0.0,0.0,0.0,0.0,0.0,0.0,0.0,0.0,0.0,0.0
100125,0.0,2.0,0.0,0.0,0.0,14.0,0.0,0.0,4.0,0.0,0.0,0.0,0.0,0.0,10.0,0.0,7.0,5.0
96965,0.0,0.0,0.0,0.0,0.0,0.0,0.0,0.0,0.0,0.0,0.0,0.0,0.0,0.0,0.0,0.0,0.0,0.0
100830,0.0,0.0,0.0,0.0,0.0,0.0,0.0,0.0,0.0,0.0,0.0,0.0,0.0,0.0,0.0,0.0,0.0,0.0
100763,0.0,0.0,0.0,0.0,0.0,0.0,1.0,1.0,1.0,0.0,0.0,0.0,0.0,1.0,2.0,0.0,1.0,0.0
91772,0.0,0.0,0.0,0.0,0.0,2.0,0.0,3.0,3.0,0.0,0.0,0.0,0.0,0.0,10.0,0.0,7.0,2.0
91888,0.0,2.0,0.0,0.0,0.0,1.0,0.0,1.0,2.0,0.0,0.0,0.0,0.0,0.0,13.0,0.0,5.0,1.0
92085,0.0,0.0,0.0,0.0,0.0,2.0,0.0,0.0,0.0,0.0,0.0,0.0,0.0,0.0,2.0,0.0,0.0,0.0
92146,0.0,4.0,0.0,0.0,0.0,17.0,9.0,6.0,52.0,3.0,2.0,0.0,0.0,5.0,28.0,0.0,7.0,0.0
100846,0.0,0.0,0.0,0.0,0.0,0.0,0.0,0.0,0.0,0.0,0.0,0.0,0.0,0.0,0.0,0.0,0.0,0.0
97133,0.0,0.0,0.0,0.0,0.0,0.0,0.0,0.0,0.0,0.0,0.0,0.0,0.0,0.0,0.0,0.0,0.0,0.0
100844,0.0,0.0,0.0,0.0,0.0,0.0,0.0,0.0,0.0,0.0,0.0,0.0,0.0,0.0,0.0,0.0,0.0,0.0
97080,2.0,3.0,0.0,0.0,0.0,44.0,28.0,44.0,59.0,3.0,6.0,0.0,0.0,7.0,40.0,0.0,31.0,0.0
92155,0.0,1.0,0.0,0.0,0.0,5.0,0.0,1.0,5.0,0.0,0.0,0.0,0.0,1.0,7.0,0.0,13.0,0.0
100963,1.0,2.0,0.0,0.0,0.0,40.0,9.0,9.0,19.0,1.0,2.0,0.0,0.0,10.0,11.0,0.0,8.0,0.0
100712,0.0,0.0,0.0,0.0,0.0,0.0,0.0,0.0,0.0,0.0,0.0,0.0,0.0,0.0,0.0,0.0,0.0,0.0
97245,1.0,0.0,0.0,0.0,0.0,17.0,4.0,9.0,28.0,1.0,2.0,0.0,0.0,3.0,22.0,0.0,12.0,0.0
96468,0.0,0.0,0.0,0.0,0.0,0.0,0.0,0.0,0.0,0.0,0.0,0.0,0.0,0.0,0.0,0.0,0.0,0.0
97315,0.0,0.0,0.0,0.0,0.0,0.0,0.0,0.0,0.0,0.0,0.0,0.0,0.0,0.0,0.0,0.0,0.0,0.0
100742,1.0,9.0,0.0,0.0,0.0,34.0,5.0,4.0,21.0,0.0,0.0,0.0,0.0,0.0,44.0,0.0,26.0,0.0
100987,1.0,3.0,0.0,0.0,0.0,44.0,4.0,8.0,19.0,0.0,3.0,0.0,0.0,1.0,33.0,0.0,45.0,0.0
92182,0.0,1.0,0.0,0.0,0.0,21.0,4.0,7.0,16.0,0.0,1.0,0.0,0.0,1.0,46.0,0.0,24.0,10.0
97341,0.0,0.0,0.0,0.0,0.0,0.0,0.0,0.0,0.0,0.0,0.0,0.0,0.0,0.0,0.0,0.0,0.0,0.0
96652,1.0,11.0,1.0,0.0,0.0,58.0,13.0,16.0,44.0,0.0,0.0,0.0,0.0,0.0,82.0,0.0,34.0,0.0
96966,0.0,2.0,0.0,0.0,0.0,26.0,3.0,11.0,45.0,1.0,4.0,0.0,0.0,2.0,31.0,0.0,16.0,0.0
100843,0.0,0.0,0.0,0.0,0.0,0.0,0.0,0.0,0.0,0.0,0.0,0.0,0.0,0.0,0.0,0.0,0.0,0.0
100761,0.0,2.0,0.0,0.0,0.0,20.0,2.0,6.0,14.0,0.0,0.0,0.0,0.0,0.0,31.0,0.0,23.0,0.0
97352,0.0,0.0,0.0,0.0,0.0,0.0,0.0,0.0,0.0,0.0,0.0,0.0,0.0,0.0,0.0,0.0,0.0,0.0
97520,0.0,0.0,0.0,0.0,0.0,4.0,1.0,1.0,2.0,0.0,0.0,0.0,0.0,0.0,8.0,0.0,2.0,0.0
101592,0.0,0.0,0.0,0.0,0.0,0.0,0.0,0.0,1.0,0.0,0.0,0.0,0.0,1.0,2.0,0.0,0.0,0.0
97452,0.0,1.0,0.0,0.0,0.0,7.0,1.0,0.0,3.0,0.0,0.0,0.0,0.0,0.0,4.0,0.0,3.0,0.0
92496,2.0,7.0,0.0,0.0,0.0,47.0,9.0,11.0,63.0,0.0,1.0,0.0,0.0,0.0,48.0,0.0,62.0,0.0
92696,2.0,0.0,0.0,0.0,0.0,12.0,1.0,4.0,12.0,0.0,1.0,0.0,0.0,2.0,9.0,0.0,4.0,0.0
91607,8.0,5.0,0.0,0.0,0.0,59.0,24.0,38.0,63.0,1.0,6.0,0.0,0.0,13.0,55.0,0.0,24.0,0.0
92708,2.0,3.0,0.0,0.0,0.0,23.0,12.0,21.0,52.0,0.0,3.0,0.0,0.0,21.0,31.0,0.0,10.0,0.0
92981,1.0,4.0,1.0,0.0,0.0,24.0,1.0,3.0,12.0,0.0,0.0,0.0,0.0,1.0,26.0,0.0,38.0,0.0
97522,0.0,0.0,0.0,0.0,0.0,0.0,0.0,0.0,0.0,0.0,0.0,0.0,0.0,0.0,0.0,0.0,0.0,0.0
92841,0.0,0.0,0.0,0.0,0.0,0.0,0.0,0.0,0.0,0.0,0.0,0.0,0.0,0.0,0.0,0.0,0.0,0.0
101040,0.0,0.0,0.0,0.0,0.0,0.0,0.0,0.0,0.0,0.0,0.0,0.0,0.0,0.0,0.0,0.0,0.0,0.0
97527,0.0,0.0,0.0,0.0,0.0,2.0,0.0,1.0,5.0,0.0,0.0,0.0,0.0,0.0,2.0,0.0,2.0,0.0
97535,0.0,0.0,1.0,0.0,0.0,4.0,0.0,1.0,0.0,0.0,0.0,0.0,0.0,0.0,3.0,0.0,4.0,1.0
93151,0.0,0.0,0.0,0.0,0.0,0.0,0.0,0.0,0.0,0.0,0.0,0.0,0.0,0.0,0.0,0.0,0.0,0.0
97528,0.0,2.0,2.0,0.0,0.0,11.0,1.0,0.0,2.0,0.0,1.0,0.0,0.0,0.0,8.0,0.0,5.0,5.0
93108,2.0,1.0,0.0,0.0,0.0,15.0,11.0,20.0,58.0,0.0,2.0,0.0,0.0,1.0,25.0,0.0,21.0,0.0
97543,0.0,0.0,0.0,0.0,0.0,0.0,0.0,0.0,0.0,0.0,0.0,0.0,0.0,0.0,0.0,0.0,0.0,0.0
97619,1.0,0.0,0.0,0.0,0.0,10.0,3.0,5.0,4.0,0.0,0.0,0.0,0.0,0.0,19.0,0.0,2.0,0.0
97902,0.0,1.0,0.0,0.0,0.0,1.0,0.0,1.0,1.0,0.0,0.0,0.0,0.0,0.0,0.0,0.0,0.0,0.0
101290,1.0,0.0,0.0,0.0,0.0,3.0,1.0,1.0,5.0,0.0,1.0,0.0,0.0,0.0,2.0,0.0,2.0,0.0
97993,0.0,0.0,0.0,0.0,0.0,0.0,0.0,0.0,0.0,0.0,0.0,0.0,0.0,0.0,0.0,0.0,0.0,0.0
97907,0.0,1.0,0.0,0.0,0.0,0.0,1.0,0.0,0.0,0.0,0.0,0.0,0.0,0.0,3.0,0.0,0.0,1.0
97780,0.0,7.0,0.0,0.0,0.0,33.0,2.0,10.0,12.0,0.0,0.0,0.0,0.0,1.0,37.0,0.0,37.0,0.0
101316,0.0,0.0,0.0,0.0,0.0,0.0,0.0,0.0,0.0,0.0,0.0,0.0,0.0,0.0,0.0,0.0,0.0,0.0
101478,0.0,0.0,0.0,0.0,0.0,0.0,0.0,0.0,0.0,0.0,0.0,0.0,0.0,0.0,0.0,0.0,0.0,0.0
101422,0.0,0.0,0.0,0.0,0.0,0.0,0.0,0.0,0.0,0.0,0.0,0.0,0.0,0.0,1.0,0.0,0.0,0.0
93377,0.0,2.0,0.0,0.0,0.0,3.0,0.0,0.0,4.0,0.0,0.0,0.0,0.0,0.0,1.0,0.0,4.0,0.0
97994,0.0,0.0,0.0,0.0,0.0,0.0,0.0,0.0,0.0,0.0,0.0,0.0,0.0,0.0,0.0,0.0,0.0,0.0
93368,1.0,8.0,2.0,0.0,0.0,60.0,5.0,13.0,22.0,2.0,2.0,1.0,0.0,1.0,74.0,0.0,60.0,13.0
101375,0.0,0.0,0.0,0.0,0.0,0.0,0.0,0.0,0.0,0.0,0.0,0.0,0.0,0.0,0.0,0.0,0.0,0.0
101315,0.0,4.0,0.0,0.0,0.0,18.0,4.0,7.0,10.0,0.0,3.0,0.0,0.0,0.0,21.0,0.0,10.0,0.0
101483,0.0,0.0,0.0,0.0,0.0,0.0,0.0,0.0,0.0,0.0,0.0,0.0,0.0,0.0,0.0,0.0,0.0,0.0
101484,4.0,5.0,0.0,0.0,0.0,32.0,13.0,7.0,21.0,3.0,3.0,0.0,0.0,4.0,41.0,0.0,14.0,0.0
93659,0.0,0.0,0.0,0.0,0.0,0.0,0.0,0.0,0.0,0.0,0.0,0.0,0.0,0.0,0.0,0.0,0.0,0.0
98022,0.0,1.0,0.0,0.0,0.0,19.0,5.0,3.0,6.0,0.0,1.0,0.0,0.0,0.0,17.0,0.0,11.0,0.0
97995,0.0,2.0,0.0,0.0,0.0,9.0,3.0,2.0,1.0,0.0,0.0,0.0,0.0,0.0,9.0,0.0,5.0,0.0
98106,0.0,0.0,0.0,0.0,0.0,0.0,0.0,0.0,0.0,0.0,0.0,0.0,0.0,0.0,0.0,0.0,0.0,0.0
93787,1.0,1.0,0.0,0.0,0.0,17.0,3.0,8.0,14.0,1.0,1.0,0.0,0.0,0.0,25.0,0.0,23.0,0.0
98224,0.0,0.0,0.0,0.0,0.0,0.0,0.0,0.0,0.0,0.0,0.0,0.0,0.0,0.0,0.0,0.0,0.0,0.0
101491,0.0,4.0,0.0,0.0,0.0,21.0,2.0,5.0,5.0,0.0,0.0,1.0,0.0,3.0,47.0,0.0,19.0,7.0
93785,0.0,0.0,0.0,0.0,0.0,0.0,0.0,0.0,0.0,0.0,0.0,0.0,0.0,0.0,0.0,0.0,0.0,0.0
93791,3.0,3.0,0.0,0.0,0.0,21.0,10.0,8.0,36.0,0.0,1.0,0.0,0.0,1.0,85.0,0.0,21.0,0.0
98400,0.0,0.0,0.0,0.0,0.0,2.0,0.0,2.0,7.0,0.0,0.0,0.0,0.0,1.0,2.0,0.0,2.0,0.0
93782,1.0,1.0,0.0,0.0,0.0,9.0,0.0,0.0,7.0,0.0,0.0,0.0,0.0,1.0,4.0,0.0,1.0,0.0
98352,2.0,3.0,0.0,0.0,0.0,38.0,9.0,15.0,62.0,1.0,2.0,0.0,0.0,0.0,81.0,0.0,37.0,0.0
98333,0.0,0.0,0.0,0.0,0.0,0.0,0.0,0.0,0.0,0.0,0.0,0.0,0.0,0.0,0.0,0.0,0.0,0.0
93797,4.0,2.0,0.0,0.0,0.0,31.0,7.0,14.0,19.0,1.0,1.0,0.0,0.0,1.0,63.0,0.0,19.0,5.0
93795,0.0,0.0,0.0,0.0,0.0,0.0,0.0,0.0,0.0,0.0,0.0,0.0,0.0,0.0,0.0,0.0,0.0,0.0
98412,0.0,2.0,0.0,39.0,4.0,0.0,0.0,0.0,3.0,0.0,0.0,0.0,0.0,0.0,16.0,0.0,0.0,5.0
98419,0.0,0.0,0.0,0.0,0.0,0.0,0.0,0.0,0.0,0.0,0.0,0.0,0.0,0.0,0.0,0.0,0.0,0.0
101573,0.0,0.0,0.0,0.0,0.0,0.0,0.0,0.0,0.0,0.0,0.0,0.0,0.0,0.0,0.0,0.0,0.0,0.0
101512,0.0,0.0,0.0,0.0,0.0,0.0,0.0,0.0,0.0,0.0,0.0,0.0,0.0,0.0,0.0,0.0,0.0,0.0
93834,0.0,0.0,0.0,0.0,0.0,0.0,0.0,0.0,0.0,0.0,0.0,0.0,0.0,0.0,0.0,0.0,0.0,0.0
93869,0.0,0.0,0.0,2.0,0.0,0.0,0.0,0.0,0.0,0.0,0.0,0.0,0.0,0.0,0.0,0.0,0.0,0.0
101594,1.0,1.0,0.0,0.0,0.0,1.0,0.0,0.0,0.0,0.0,0.0,0.0,0.0,0.0,3.0,0.0,2.0,0.0
98421,0.0,0.0,0.0,0.0,0.0,0.0,0.0,0.0,0.0,0.0,0.0,0.0,0.0,0.0,0.0,0.0,0.0,0.0
98494,0.0,0.0,0.0,0.0,0.0,0.0,0.0,0.0,0.0,0.0,0.0,0.0,0.0,0.0,0.0,0.0,0.0,0.0
98484,0.0,0.0,0.0,0.0,0.0,2.0,0.0,0.0,1.0,0.0,0.0,0.0,0.0,0.0,5.0,0.0,2.0,0.0
93882,1.0,1.0,0.0,29.0,1.0,0.0,0.0,0.0,8.0,0.0,0.0,0.0,0.0,0.0,21.0,0.0,1.0,6.0
94044,0.0,0.0,0.0,0.0,0.0,0.0,0.0,0.0,0.0,0.0,0.0,0.0,0.0,0.0,0.0,0.0,0.0,0.0
93893,0.0,5.0,0.0,0.0,0.0,38.0,4.0,7.0,30.0,1.0,1.0,0.0,0.0,0.0,52.0,0.0,24.0,0.0
101574,0.0,0.0,0.0,0.0,0.0,0.0,0.0,0.0,0.0,0.0,0.0,0.0,0.0,0.0,0.0,0.0,0.0,0.0
101579,0.0,2.0,0.0,0.0,0.0,14.0,1.0,2.0,3.0,0.0,0.0,0.0,0.0,0.0,15.0,0.0,4.0,5.0
101596,1.0,0.0,0.0,0.0,0.0,2.0,1.0,0.0,1.0,0.0,0.0,0.0,0.0,0.0,0.0,0.0,1.0,0.0
94138,0.0,0.0,0.0,0.0,0.0,9.0,0.0,4.0,3.0,0.0,1.0,0.0,0.0,0.0,7.0,0.0,0.0,0.0
98496,0.0,0.0,0.0,0.0,0.0,0.0,0.0,0.0,0.0,0.0,0.0,0.0,0.0,0.0,0.0,0.0,0.0,0.0
94067,0.0,2.0,0.0,0.0,0.0,14.0,1.0,0.0,5.0,0.0,1.0,0.0,0.0,0.0,11.0,0.0,11.0,0.0
94068,0.0,0.0,0.0,0.0,0.0,29.0,6.0,14.0,21.0,1.0,2.0,0.0,0.0,11.0,14.0,0.0,3.0,0.0
98499,0.0,0.0,0.0,0.0,0.0,0.0,0.0,0.0,0.0,0.0,0.0,0.0,0.0,0.0,0.0,0.0,0.0,0.0
98497,0.0,0.0,0.0,0.0,0.0,0.0,0.0,0.0,0.0,0.0,0.0,0.0,0.0,0.0,0.0,0.0,0.0,0.0
94156,1.0,8.0,0.0,0.0,0.0,60.0,11.0,16.0,36.0,2.0,2.0,0.0,0.0,0.0,76.0,0.0,36.0,0.0
94288,0.0,0.0,0.0,0.0,0.0,0.0,0.0,0.0,0.0,0.0,0.0,0.0,0.0,0.0,0.0,0.0,0.0,0.0
101601,0.0,1.0,0.0,0.0,0.0,2.0,0.0,1.0,0.0,0.0,0.0,0.0,0.0,0.0,1.0,0.0,0.0,0.0
101597,0.0,0.0,0.0,0.0,0.0,0.0,0.0,0.0,0.0,0.0,0.0,0.0,0.0,0.0,0.0,0.0,0.0,0.0
98515,0.0,0.0,0.0,0.0,0.0,3.0,1.0,1.0,5.0,0.0,0.0,0.0,0.0,0.0,2.0,0.0,1.0,0.0
101622,0.0,0.0,0.0,0.0,0.0,0.0,0.0,0.0,0.0,0.0,0.0,0.0,0.0,0.0,0.0,0.0,0.0,0.0
101606,0.0,0.0,0.0,0.0,0.0,1.0,1.0,0.0,1.0,0.0,0.0,0.0,0.0,0.0,0.0,0.0,1.0,0.0
94509,0.0,0.0,0.0,0.0,0.0,12.0,4.0,11.0,11.0,0.0,1.0,0.0,0.0,0.0,14.0,0.0,6.0,0.0
101647,0.0,0.0,0.0,0.0,0.0,0.0,0.0,0.0,0.0,0.0,0.0,0.0,0.0,0.0,0.0,0.0,0.0,0.0
94495,0.0,0.0,0.0,0.0,0.0,0.0,0.0,0.0,0.0,0.0,0.0,0.0,0.0,0.0,0.0,0.0,0.0,0.0
94297,0.0,6.0,0.0,0.0,0.0,17.0,2.0,5.0,16.0,0.0,0.0,0.0,0.0,1.0,9.0,0.0,17.0,0.0
101626,0.0,0.0,0.0,0.0,0.0,0.0,0.0,0.0,0.0,0.0,0.0,0.0,0.0,0.0,0.0,0.0,0.0,0.0
95222,1.0,1.0,0.0,0.0,0.0,16.0,1.0,9.0,10.0,1.0,1.0,0.0,0.0,0.0,11.0,0.0,3.0,0.0
94857,3.0,6.0,1.0,0.0,0.0,36.0,16.0,19.0,76.0,1.0,5.0,0.0,0.0,2.0,62.0,0.0,26.0,0.0
101679,0.0,0.0,0.0,0.0,0.0,0.0,0.0,0.0,0.0,0.0,0.0,0.0,0.0,0.0,0.0,0.0,0.0,0.0
94542,0.0,1.0,0.0,0.0,0.0,3.0,0.0,0.0,4.0,0.0,0.0,0.0,0.0,0.0,0.0,0.0,0.0,0.0
98760,0.0,1.0,0.0,0.0,0.0,11.0,2.0,0.0,12.0,0.0,0.0,0.0,0.0,0.0,5.0,0.0,8.0,0.0
95352,0.0,2.0,1.0,0.0,0.0,41.0,4.0,6.0,22.0,0.0,2.0,0.0,0.0,2.0,48.0,0.0,36.0,6.0
95246,0.0,0.0,0.0,0.0,0.0,3.0,0.0,1.0,6.0,0.0,0.0,0.0,0.0,0.0,2.0,0.0,1.0,0.0
98765,3.0,0.0,0.0,0.0,0.0,13.0,7.0,5.0,10.0,0.0,1.0,0.0,0.0,0.0,16.0,0.0,8.0,0.0
93414,0.0,10.0,0.0,0.0,0.0,24.0,1.0,4.0,19.0,1.0,0.0,0.0,0.0,1.0,51.0,0.0,16.0,6.0
98822,0.0,2.0,0.0,0.0,0.0,10.0,1.0,1.0,6.0,0.0,0.0,0.0,0.0,0.0,10.0,0.0,3.0,0.0
95464,4.0,6.0,1.0,0.0,0.0,111.0,3.0,11.0,26.0,1.0,0.0,0.0,0.0,0.0,87.0,0.0,87.0,0.0
98794,1.0,0.0,0.0,0.0,0.0,5.0,2.0,10.0,6.0,0.0,1.0,0.0,0.0,0.0,18.0,0.0,7.0,0.0
95335,0.0,0.0,0.0,0.0,0.0,3.0,0.0,0.0,7.0,0.0,0.0,0.0,0.0,1.0,5.0,0.0,8.0,0.0
95466,2.0,3.0,2.0,0.0,0.0,28.0,3.0,4.0,9.0,0.0,0.0,0.0,0.0,0.0,28.0,0.0,33.0,7.0
101911,0.0,0.0,0.0,0.0,0.0,0.0,0.0,0.0,0.0,0.0,0.0,0.0,0.0,0.0,0.0,0.0,0.0,0.0
101997,1.0,2.0,0.0,0.0,0.0,22.0,3.0,6.0,16.0,1.0,2.0,0.0,0.0,3.0,16.0,0.0,14.0,0.0
101960,3.0,0.0,1.0,0.0,0.0,16.0,7.0,8.0,8.0,0.0,2.0,0.0,0.0,0.0,10.0,0.0,7.0,0.0
102878,0.0,0.0,0.0,0.0,0.0,2.0,1.0,2.0,0.0,0.0,0.0,0.0,0.0,1.0,2.0,0.0,0.0,0.0
95476,0.0,2.0,1.0,0.0,0.0,12.0,0.0,1.0,9.0,0.0,0.0,0.0,0.0,0.0,24.0,0.0,13.0,2.0
102137,0.0,0.0,0.0,0.0,0.0,0.0,0.0,0.0,0.0,0.0,0.0,0.0,0.0,0.0,0.0,0.0,0.0,0.0
95494,0.0,3.0,0.0,0.0,0.0,21.0,0.0,2.0,10.0,0.0,0.0,0.0,0.0,0.0,16.0,0.0,24.0,7.0
95542,0.0,0.0,0.0,0.0,0.0,6.0,1.0,2.0,3.0,0.0,0.0,0.0,0.0,0.0,3.0,0.0,6.0,2.0
102253,0.0,1.0,0.0,0.0,0.0,5.0,2.0,3.0,2.0,0.0,0.0,0.0,0.0,0.0,8.0,0.0,7.0,1.0
95638,1.0,3.0,0.0,0.0,0.0,8.0,2.0,1.0,15.0,1.0,2.0,2.0,0.0,0.0,30.0,0.0,9.0,4.0
95780,0.0,0.0,0.0,0.0,0.0,0.0,0.0,0.0,0.0,0.0,0.0,0.0,0.0,0.0,0.0,0.0,0.0,0.0
102290,0.0,0.0,0.0,0.0,0.0,0.0,0.0,0.0,0.0,0.0,0.0,0.0,0.0,0.0,0.0,0.0,0.0,0.0
101716,0.0,0.0,0.0,0.0,0.0,9.0,8.0,9.0,7.0,0.0,2.0,0.0,0.0,0.0,12.0,0.0,6.0,0.0
102301,0.0,0.0,0.0,0.0,0.0,0.0,0.0,0.0,0.0,0.0,0.0,0.0,0.0,0.0,0.0,0.0,0.0,0.0
98832,2.0,0.0,0.0,0.0,0.0,10.0,4.0,7.0,11.0,0.0,3.0,0.0,0.0,0.0,23.0,0.0,12.0,0.0
98888,0.0,0.0,0.0,0.0,0.0,0.0,0.0,0.0,0.0,0.0,0.0,0.0,0.0,0.0,0.0,0.0,0.0,0.0
99392,5.0,6.0,1.0,0.0,0.0,35.0,24.0,31.0,46.0,2.0,9.0,0.0,0.0,14.0,75.0,0.0,31.0,0.0
99032,3.0,3.0,0.0,0.0,0.0,27.0,14.0,13.0,35.0,1.0,1.0,0.0,0.0,4.0,65.0,0.0,29.0,0.0
99048,0.0,0.0,0.0,0.0,0.0,0.0,0.0,0.0,0.0,0.0,0.0,0.0,0.0,0.0,0.0,0.0,0.0,0.0
95799,3.0,7.0,0.0,0.0,0.0,22.0,13.0,24.0,52.0,1.0,6.0,0.0,0.0,5.0,94.0,1.0,18.0,0.0
95798,1.0,2.0,0.0,0.0,0.0,8.0,5.0,8.0,15.0,0.0,0.0,0.0,0.0,0.0,65.0,0.0,24.0,0.0
99459,0.0,0.0,0.0,0.0,0.0,0.0,0.0,0.0,0.0,0.0,0.0,0.0,0.0,0.0,0.0,0.0,0.0,0.0
99460,0.0,0.0,0.0,3.0,0.0,0.0,0.0,0.0,0.0,0.0,0.0,0.0,0.0,0.0,4.0,0.0,0.0,1.0
99430,0.0,0.0,0.0,0.0,0.0,0.0,0.0,0.0,0.0,0.0,0.0,0.0,0.0,0.0,0.0,0.0,0.0,0.0
102891,0.0,0.0,0.0,0.0,0.0,0.0,0.0,0.0,0.0,0.0,0.0,0.0,0.0,0.0,0.0,0.0,0.0,0.0
99462,0.0,2.0,1.0,0.0,0.0,9.0,0.0,3.0,3.0,0.0,0.0,0.0,0.0,1.0,13.0,0.0,4.0,0.0
102302,0.0,1.0,0.0,0.0,0.0,7.0,1.0,3.0,6.0,0.0,0.0,0.0,0.0,1.0,4.0,0.0,3.0,0.0
99474,0.0,0.0,0.0,0.0,0.0,0.0,0.0,0.0,4.0,0.0,0.0,0.0,0.0,0.0,3.0,0.0,2.0,0.0
102906,0.0,0.0,0.0,0.0,0.0,0.0,0.0,0.0,0.0,0.0,0.0,0.0,0.0,0.0,0.0,0.0,0.0,0.0
103706,0.0,0.0,0.0,0.0,0.0,0.0,0.0,0.0,0.0,0.0,0.0,0.0,0.0,0.0,0.0,0.0,0.0,0.0
102892,0.0,0.0,0.0,0.0,0.0,0.0,0.0,0.0,0.0,0.0,0.0,0.0,0.0,0.0,0.0,0.0,0.0,0.0
103724,0.0,0.0,0.0,0.0,0.0,0.0,0.0,0.0,0.0,0.0,0.0,0.0,0.0,0.0,0.0,0.0,0.0,0.0
102907,0.0,0.0,0.0,0.0,0.0,0.0,0.0,0.0,0.0,0.0,0.0,0.0,0.0,0.0,0.0,0.0,0.0,0.0
102318,0.0,1.0,0.0,0.0,0.0,29.0,9.0,25.0,35.0,0.0,0.0,0.0,0.0,2.0,46.0,0.0,34.0,0.0
102909,0.0,4.0,0.0,0.0,0.0,29.0,2.0,3.0,8.0,0.0,0.0,0.0,0.0,0.0,28.0,0.0,27.0,0.0
102958,0.0,1.0,0.0,0.0,0.0,5.0,3.0,7.0,18.0,0.0,1.0,0.0,0.0,1.0,13.0,0.0,4.0,0.0
102340,0.0,5.0,0.0,0.0,0.0,15.0,2.0,2.0,11.0,0.0,1.0,0.0,0.0,0.0,9.0,0.0,17.0,6.0
102380,0.0,0.0,0.0,0.0,0.0,0.0,0.0,0.0,0.0,0.0,0.0,0.0,0.0,0.0,1.0,0.0,0.0,0.0
102912,0.0,0.0,0.0,0.0,0.0,0.0,0.0,0.0,0.0,0.0,0.0,0.0,0.0,0.0,0.0,0.0,0.0,0.0
102911,0.0,0.0,0.0,0.0,0.0,0.0,0.0,0.0,0.0,0.0,0.0,0.0,0.0,0.0,0.0,0.0,0.0,0.0
105397,0.0,0.0,0.0,0.0,0.0,0.0,0.0,0.0,0.0,0.0,0.0,0.0,0.0,0.0,0.0,0.0,0.0,0.0
94931,0.0,0.0,0.0,0.0,0.0,0.0,0.0,0.0,0.0,0.0,0.0,0.0,0.0,0.0,0.0,0.0,0.0,0.0
104634,0.0,0.0,0.0,0.0,0.0,0.0,0.0,0.0,0.0,0.0,0.0,0.0,0.0,0.0,0.0,0.0,0.0,0.0
94968,1.0,7.0,0.0,0.0,0.0,27.0,2.0,2.0,36.0,0.0,0.0,0.0,0.0,3.0,37.0,0.0,27.0,7.0
101708,0.0,0.0,1.0,0.0,0.0,13.0,7.0,7.0,13.0,0.0,2.0,0.0,0.0,1.0,33.0,0.0,19.0,10.0
94975,1.0,0.0,0.0,0.0,0.0,3.0,2.0,2.0,12.0,0.0,1.0,0.0,0.0,1.0,9.0,0.0,3.0,0.0
101715,1.0,0.0,0.0,0.0,0.0,5.0,6.0,9.0,9.0,2.0,2.0,0.0,0.0,3.0,8.0,0.0,8.0,0.0
102452,0.0,0.0,0.0,0.0,0.0,0.0,0.0,0.0,0.0,0.0,0.0,0.0,0.0,0.0,0.0,0.0,0.0,0.0
101885,1.0,1.0,1.0,0.0,0.0,19.0,3.0,10.0,20.0,0.0,2.0,0.0,0.0,3.0,28.0,0.0,11.0,0.0
94976,0.0,0.0,0.0,0.0,0.0,0.0,0.0,0.0,0.0,0.0,0.0,0.0,0.0,0.0,0.0,0.0,0.0,0.0
94980,0.0,0.0,0.0,0.0,0.0,0.0,0.0,0.0,0.0,0.0,0.0,0.0,0.0,0.0,0.0,0.0,0.0,0.0
102997,0.0,0.0,0.0,0.0,0.0,6.0,0.0,0.0,2.0,0.0,0.0,0.0,0.0,0.0,3.0,0.0,7.0,0.0
101889,0.0,0.0,0.0,0.0,0.0,3.0,1.0,2.0,4.0,0.0,0.0,0.0,0.0,1.0,3.0,0.0,5.0,0.0
103764,1.0,0.0,0.0,0.0,0.0,1.0,0.0,1.0,1.0,0.0,2.0,0.0,0.0,0.0,1.0,0.0,2.0,0.0
102563,1.0,0.0,0.0,0.0,0.0,11.0,2.0,4.0,5.0,0.0,0.0,0.0,0.0,0.0,8.0,0.0,2.0,0.0
102998,1.0,0.0,0.0,0.0,0.0,6.0,4.0,4.0,11.0,0.0,0.0,0.0,0.0,0.0,9.0,0.0,7.0,0.0
102999,0.0,1.0,0.0,0.0,0.0,12.0,4.0,11.0,5.0,0.0,0.0,0.0,0.0,3.0,15.0,0.0,12.0,0.0
102565,0.0,0.0,0.0,0.0,0.0,0.0,0.0,0.0,1.0,0.0,0.0,0.0,0.0,0.0,0.0,0.0,0.0,0.0
102581,0.0,0.0,0.0,0.0,0.0,1.0,0.0,0.0,0.0,0.0,0.0,0.0,0.0,0.0,0.0,0.0,0.0,0.0
104026,1.0,1.0,0.0,0.0,0.0,25.0,18.0,22.0,30.0,1.0,4.0,0.0,0.0,9.0,32.0,0.0,17.0,0.0
94981,0.0,0.0,0.0,0.0,0.0,0.0,0.0,0.0,0.0,0.0,0.0,0.0,0.0,0.0,0.0,0.0,0.0,0.0
98569,2.0,1.0,0.0,0.0,0.0,37.0,3.0,6.0,24.0,0.0,1.0,0.0,0.0,7.0,70.0,0.0,52.0,0.0
103069,0.0,0.0,0.0,0.0,0.0,0.0,0.0,0.0,0.0,0.0,0.0,0.0,0.0,0.0,0.0,0.0,0.0,0.0
94982,0.0,0.0,0.0,0.0,0.0,0.0,0.0,0.0,0.0,0.0,0.0,0.0,0.0,0.0,0.0,0.0,0.0,0.0
102599,0.0,0.0,0.0,0.0,0.0,0.0,0.0,0.0,0.0,0.0,0.0,0.0,0.0,0.0,0.0,0.0,0.0,0.0
102598,0.0,1.0,0.0,0.0,0.0,6.0,1.0,1.0,6.0,0.0,0.0,0.0,0.0,1.0,9.0,0.0,1.0,0.0
103183,0.0,0.0,0.0,0.0,0.0,0.0,0.0,0.0,0.0,0.0,0.0,0.0,0.0,0.0,0.0,0.0,0.0,0.0
95220,2.0,5.0,0.0,0.0,0.0,26.0,3.0,8.0,32.0,0.0,1.0,0.0,0.0,1.0,69.0,0.0,48.0,9.0
102686,0.0,0.0,0.0,0.0,0.0,0.0,0.0,0.0,0.0,0.0,0.0,0.0,0.0,0.0,0.0,0.0,0.0,0.0
98706,4.0,0.0,0.0,0.0,0.0,14.0,19.0,23.0,46.0,0.0,5.0,0.0,0.0,2.0,74.0,0.0,26.0,0.0
103445,0.0,0.0,0.0,0.0,0.0,0.0,0.0,0.0,2.0,0.0,0.0,0.0,0.0,0.0,1.0,0.0,0.0,0.0
102609,0.0,0.0,0.0,0.0,0.0,0.0,0.0,0.0,0.0,0.0,0.0,0.0,0.0,0.0,0.0,0.0,0.0,0.0
103099,0.0,4.0,0.0,0.0,0.0,36.0,6.0,13.0,29.0,1.0,2.0,0.0,0.0,1.0,36.0,0.0,25.0,0.0
103076,1.0,2.0,0.0,0.0,0.0,13.0,2.0,9.0,9.0,0.0,4.0,0.0,0.0,1.0,25.0,0.0,9.0,0.0
104085,0.0,3.0,0.0,0.0,0.0,6.0,1.0,2.0,8.0,0.0,0.0,0.0,0.0,0.0,27.0,0.0,11.0,3.0
104084,0.0,0.0,0.0,0.0,0.0,0.0,0.0,0.0,0.0,0.0,0.0,0.0,0.0,0.0,0.0,0.0,0.0,0.0
104329,0.0,0.0,0.0,0.0,0.0,0.0,0.0,0.0,0.0,0.0,0.0,0.0,0.0,0.0,0.0,0.0,0.0,0.0
102700,0.0,0.0,0.0,0.0,0.0,1.0,0.0,0.0,0.0,0.0,0.0,0.0,0.0,0.0,5.0,0.0,3.0,0.0
102852,0.0,0.0,0.0,0.0,0.0,0.0,0.0,0.0,0.0,0.0,0.0,0.0,0.0,0.0,0.0,0.0,0.0,0.0
104356,0.0,0.0,0.0,0.0,0.0,1.0,0.0,0.0,1.0,0.0,0.0,0.0,0.0,0.0,1.0,0.0,2.0,0.0
103446,0.0,0.0,0.0,0.0,0.0,0.0,0.0,0.0,0.0,0.0,0.0,0.0,0.0,0.0,0.0,0.0,0.0,0.0
104333,0.0,0.0,0.0,0.0,0.0,0.0,0.0,0.0,0.0,0.0,0.0,0.0,0.0,0.0,0.0,0.0,0.0,0.0
104086,0.0,2.0,0.0,0.0,0.0,6.0,1.0,0.0,5.0,0.0,0.0,0.0,0.0,0.0,11.0,0.0,4.0,2.0
103579,0.0,0.0,0.0,0.0,0.0,0.0,0.0,0.0,0.0,0.0,0.0,0.0,0.0,0.0,0.0,0.0,0.0,0.0
103645,3.0,0.0,0.0,0.0,0.0,13.0,6.0,16.0,19.0,1.0,4.0,0.0,0.0,1.0,37.0,0.0,24.0,0.0
103524,0.0,0.0,0.0,2.0,0.0,0.0,0.0,0.0,0.0,0.0,0.0,0.0,0.0,0.0,0.0,0.0,0.0,0.0
105198,0.0,0.0,0.0,0.0,0.0,0.0,0.0,0.0,0.0,0.0,0.0,0.0,0.0,0.0,0.0,0.0,0.0,0.0
104087,0.0,0.0,0.0,0.0,0.0,4.0,0.0,0.0,0.0,0.0,0.0,0.0,0.0,0.0,1.0,0.0,0.0,0.0
103662,0.0,0.0,0.0,0.0,0.0,0.0,0.0,0.0,0.0,0.0,0.0,0.0,0.0,0.0,0.0,0.0,0.0,0.0
106821,0.0,0.0,0.0,0.0,0.0,0.0,0.0,0.0,0.0,0.0,0.0,0.0,0.0,0.0,0.0,0.0,0.0,0.0
104408,0.0,0.0,0.0,0.0,0.0,0.0,0.0,0.0,0.0,0.0,0.0,0.0,0.0,0.0,0.0,0.0,0.0,0.0
104646,0.0,2.0,0.0,0.0,0.0,8.0,1.0,2.0,23.0,0.0,0.0,0.0,0.0,0.0,13.0,0.0,2.0,1.0
105199,0.0,0.0,0.0,0.0,0.0,2.0,0.0,0.0,0.0,0.0,0.0,0.0,0.0,0.0,1.0,0.0,2.0,0.0
105201,0.0,0.0,0.0,0.0,0.0,2.0,0.0,0.0,3.0,0.0,0.0,0.0,0.0,1.0,0.0,0.0,0.0,0.0
104104,0.0,0.0,0.0,0.0,0.0,0.0,0.0,0.0,0.0,0.0,0.0,0.0,0.0,0.0,0.0,0.0,0.0,0.0
104088,0.0,0.0,0.0,0.0,0.0,0.0,0.0,0.0,0.0,0.0,0.0,0.0,0.0,0.0,0.0,0.0,0.0,0.0
105208,0.0,0.0,0.0,0.0,0.0,0.0,0.0,0.0,0.0,0.0,0.0,0.0,0.0,0.0,0.0,0.0,0.0,0.0
104649,1.0,5.0,0.0,0.0,0.0,25.0,5.0,7.0,34.0,0.0,0.0,0.0,0.0,0.0,52.0,0.0,22.0,5.0
104128,0.0,0.0,0.0,0.0,0.0,0.0,0.0,0.0,0.0,0.0,0.0,0.0,0.0,0.0,0.0,0.0,0.0,0.0
103695,0.0,0.0,0.0,0.0,0.0,1.0,0.0,1.0,0.0,0.0,0.0,0.0,0.0,0.0,1.0,0.0,0.0,0.0
104250,0.0,0.0,0.0,0.0,0.0,0.0,0.0,0.0,0.0,0.0,0.0,0.0,0.0,0.0,0.0,0.0,0.0,0.0
104404,0.0,0.0,0.0,0.0,0.0,0.0,0.0,0.0,0.0,0.0,0.0,0.0,0.0,0.0,0.0,0.0,0.0,0.0
104276,0.0,0.0,0.0,0.0,0.0,0.0,0.0,0.0,0.0,0.0,0.0,0.0,0.0,0.0,0.0,0.0,0.0,0.0
104326,0.0,0.0,0.0,0.0,0.0,0.0,0.0,0.0,0.0,0.0,0.0,0.0,0.0,0.0,0.0,0.0,0.0,0.0
104325,0.0,0.0,0.0,0.0,0.0,0.0,0.0,0.0,0.0,0.0,0.0,0.0,0.0,0.0,0.0,0.0,0.0,0.0
103684,0.0,0.0,0.0,0.0,0.0,0.0,0.0,0.0,0.0,0.0,0.0,0.0,0.0,0.0,0.0,0.0,0.0,0.0
104625,0.0,0.0,0.0,0.0,0.0,1.0,0.0,1.0,3.0,0.0,0.0,0.0,0.0,0.0,11.0,0.0,3.0,2.0
104327,0.0,0.0,0.0,0.0,0.0,0.0,0.0,0.0,0.0,0.0,0.0,0.0,0.0,0.0,0.0,0.0,0.0,0.0
104257,0.0,1.0,0.0,0.0,0.0,4.0,0.0,0.0,3.0,0.0,0.0,0.0,0.0,0.0,4.0,0.0,3.0,4.0
105049,0.0,0.0,0.0,0.0,0.0,0.0,2.0,0.0,1.0,0.0,0.0,0.0,0.0,0.0,0.0,0.0,0.0,0.0
104074,0.0,0.0,0.0,0.0,0.0,1.0,0.0,0.0,0.0,0.0,0.0,0.0,0.0,0.0,6.0,0.0,2.0,2.0
103700,0.0,3.0,0.0,0.0,0.0,5.0,0.0,0.0,2.0,0.0,0.0,0.0,0.0,0.0,14.0,0.0,8.0,1.0
105068,2.0,1.0,0.0,0.0,0.0,12.0,3.0,8.0,7.0,0.0,6.0,0.0,0.0,0.0,16.0,0.0,10.0,0.0
105111,0.0,0.0,0.0,0.0,0.0,0.0,0.0,0.0,0.0,0.0,0.0,0.0,0.0,0.0,0.0,0.0,0.0,0.0
102771,0.0,0.0,0.0,0.0,0.0,0.0,0.0,0.0,0.0,0.0,0.0,0.0,0.0,0.0,0.0,0.0,0.0,0.0
103455,6.0,3.0,1.0,0.0,0.0,28.0,23.0,20.0,78.0,2.0,4.0,0.0,0.0,1.0,97.0,0.0,30.0,0.0
103523,0.0,0.0,0.0,0.0,0.0,0.0,0.0,0.0,0.0,0.0,0.0,0.0,0.0,0.0,0.0,0.0,0.0,0.0
102719,0.0,0.0,0.0,0.0,0.0,0.0,0.0,0.0,0.0,0.0,0.0,0.0,0.0,0.0,0.0,0.0,0.0,0.0
104080,0.0,0.0,0.0,0.0,0.0,0.0,0.0,0.0,0.0,0.0,0.0,0.0,0.0,0.0,0.0,0.0,0.0,0.0
105173,0.0,0.0,0.0,0.0,0.0,0.0,0.0,0.0,0.0,0.0,0.0,0.0,0.0,0.0,0.0,0.0,0.0,0.0
104328,0.0,0.0,0.0,0.0,0.0,0.0,0.0,0.0,0.0,0.0,0.0,0.0,0.0,0.0,0.0,0.0,0.0,0.0
104081,0.0,0.0,0.0,0.0,0.0,0.0,0.0,0.0,0.0,0.0,0.0,0.0,0.0,0.0,0.0,0.0,0.0,0.0
104362,0.0,0.0,0.0,0.0,0.0,0.0,0.0,0.0,0.0,0.0,0.0,0.0,0.0,0.0,0.0,0.0,0.0,0.0
105175,0.0,1.0,0.0,0.0,0.0,8.0,1.0,1.0,1.0,0.0,0.0,0.0,0.0,0.0,9.0,0.0,6.0,1.0
105282,0.0,0.0,0.0,0.0,0.0,0.0,0.0,0.0,0.0,0.0,0.0,0.0,0.0,0.0,0.0,0.0,0.0,0.0
104415,0.0,0.0,0.0,0.0,0.0,0.0,0.0,0.0,0.0,0.0,0.0,0.0,0.0,0.0,0.0,0.0,0.0,0.0
104401,0.0,0.0,0.0,0.0,0.0,0.0,0.0,0.0,0.0,0.0,0.0,0.0,0.0,0.0,0.0,0.0,0.0,0.0
105176,0.0,0.0,0.0,0.0,0.0,0.0,0.0,0.0,0.0,0.0,0.0,0.0,0.0,0.0,0.0,0.0,0.0,0.0
105278,0.0,0.0,0.0,0.0,0.0,0.0,0.0,0.0,0.0,0.0,0.0,0.0,0.0,0.0,0.0,0.0,0.0,0.0
104459,0.0,0.0,0.0,0.0,0.0,2.0,0.0,1.0,1.0,0.0,0.0,0.0,0.0,0.0,5.0,0.0,3.0,0.0
104650,0.0,1.0,0.0,0.0,0.0,10.0,0.0,0.0,4.0,0.0,0.0,0.0,0.0,0.0,7.0,0.0,7.0,2.0
105341,0.0,0.0,0.0,0.0,0.0,0.0,0.0,0.0,0.0,0.0,0.0,0.0,0.0,0.0,0.0,0.0,1.0,0.0
104513,1.0,0.0,0.0,0.0,0.0,7.0,1.0,0.0,2.0,0.0,0.0,0.0,0.0,0.0,14.0,0.0,5.0,2.0
105339,0.0,0.0,0.0,0.0,0.0,0.0,0.0,0.0,0.0,0.0,0.0,0.0,0.0,0.0,0.0,0.0,0.0,0.0
105395,0.0,0.0,0.0,0.0,0.0,0.0,0.0,0.0,0.0,0.0,0.0,0.0,0.0,0.0,0.0,0.0,0.0,0.0
104651,0.0,0.0,0.0,0.0,0.0,0.0,0.0,0.0,0.0,0.0,0.0,0.0,0.0,0.0,0.0,0.0,0.0,0.0
104678,1.0,1.0,0.0,0.0,0.0,16.0,1.0,4.0,4.0,1.0,1.0,0.0,0.0,1.0,5.0,0.0,2.0,0.0
104660,0.0,1.0,0.0,0.0,0.0,4.0,0.0,1.0,1.0,0.0,0.0,0.0,0.0,0.0,0.0,0.0,1.0,0.0
104580,0.0,0.0,0.0,0.0,0.0,0.0,0.0,0.0,0.0,0.0,0.0,0.0,0.0,0.0,0.0,0.0,0.0,0.0
104578,0.0,0.0,0.0,0.0,0.0,18.0,5.0,7.0,12.0,0.0,1.0,0.0,0.0,3.0,17.0,0.0,3.0,0.0
105340,0.0,0.0,0.0,0.0,0.0,0.0,0.0,0.0,0.0,0.0,0.0,0.0,0.0,0.0,0.0,0.0,0.0,0.0
105396,0.0,0.0,0.0,0.0,0.0,0.0,0.0,0.0,0.0,0.0,0.0,0.0,0.0,0.0,0.0,0.0,0.0,0.0
105553,0.0,0.0,0.0,8.0,0.0,0.0,0.0,0.0,0.0,0.0,0.0,0.0,0.0,0.0,0.0,0.0,0.0,0.0
104622,0.0,0.0,0.0,0.0,0.0,0.0,0.0,0.0,0.0,0.0,0.0,0.0,0.0,0.0,0.0,0.0,0.0,0.0
104591,0.0,0.0,0.0,0.0,0.0,0.0,0.0,0.0,0.0,0.0,0.0,0.0,0.0,0.0,0.0,0.0,0.0,0.0
105566,0.0,0.0,0.0,0.0,0.0,0.0,0.0,0.0,0.0,0.0,0.0,0.0,0.0,0.0,0.0,0.0,0.0,0.0
105584,0.0,0.0,0.0,0.0,0.0,0.0,0.0,0.0,0.0,0.0,0.0,0.0,0.0,0.0,0.0,0.0,0.0,0.0
105909,0.0,0.0,0.0,0.0,0.0,0.0,0.0,0.0,0.0,0.0,0.0,0.0,0.0,0.0,0.0,0.0,0.0,0.0
105903,0.0,0.0,0.0,0.0,0.0,0.0,0.0,1.0,0.0,0.0,0.0,0.0,0.0,0.0,1.0,0.0,2.0,0.0
104593,1.0,0.0,0.0,0.0,0.0,11.0,1.0,3.0,2.0,0.0,0.0,0.0,0.0,0.0,13.0,0.0,12.0,0.0
105906,0.0,0.0,0.0,0.0,0.0,0.0,0.0,0.0,0.0,0.0,0.0,0.0,0.0,0.0,0.0,0.0,0.0,0.0
105907,0.0,0.0,0.0,0.0,0.0,0.0,0.0,0.0,0.0,0.0,0.0,0.0,0.0,0.0,0.0,0.0,0.0,0.0
105911,0.0,0.0,0.0,0.0,0.0,0.0,0.0,0.0,0.0,0.0,0.0,0.0,0.0,0.0,0.0,0.0,0.0,0.0
105910,0.0,0.0,0.0,0.0,0.0,0.0,0.0,0.0,0.0,0.0,0.0,0.0,0.0,0.0,0.0,0.0,0.0,0.0
105912,0.0,0.0,0.0,0.0,0.0,0.0,0.0,0.0,0.0,0.0,0.0,0.0,0.0,0.0,0.0,0.0,0.0,0.0
105913,0.0,0.0,0.0,0.0,0.0,0.0,0.0,0.0,1.0,0.0,0.0,0.0,0.0,1.0,0.0,0.0,1.0,0.0
105612,0.0,0.0,0.0,0.0,0.0,0.0,0.0,0.0,2.0,0.0,0.0,0.0,0.0,0.0,1.0,0.0,0.0,0.0
105647,0.0,0.0,0.0,0.0,0.0,3.0,1.0,2.0,4.0,0.0,1.0,0.0,0.0,1.0,10.0,0.0,3.0,0.0
105589,0.0,0.0,0.0,0.0,0.0,0.0,0.0,0.0,0.0,0.0,0.0,0.0,0.0,0.0,0.0,0.0,0.0,0.0
105914,0.0,0.0,0.0,0.0,0.0,0.0,0.0,0.0,0.0,0.0,0.0,0.0,0.0,0.0,0.0,0.0,0.0,0.0
105786,0.0,4.0,0.0,0.0,0.0,22.0,6.0,12.0,29.0,0.0,2.0,0.0,0.0,1.0,24.0,0.0,6.0,0.0
105585,0.0,0.0,0.0,0.0,0.0,0.0,0.0,0.0,0.0,0.0,0.0,0.0,0.0,0.0,0.0,0.0,0.0,0.0
105807,0.0,0.0,0.0,0.0,0.0,0.0,0.0,0.0,0.0,0.0,0.0,0.0,0.0,0.0,0.0,0.0,0.0,0.0
104991,0.0,0.0,0.0,0.0,0.0,0.0,0.0,0.0,0.0,0.0,0.0,0.0,0.0,0.0,0.0,0.0,0.0,0.0
104824,0.0,0.0,0.0,0.0,0.0,0.0,0.0,0.0,0.0,0.0,0.0,0.0,0.0,0.0,0.0,0.0,0.0,0.0
105636,0.0,0.0,0.0,0.0,0.0,0.0,0.0,0.0,0.0,0.0,0.0,0.0,0.0,0.0,0.0,0.0,0.0,0.0
105836,0.0,0.0,0.0,0.0,0.0,1.0,0.0,0.0,2.0,0.0,0.0,0.0,0.0,0.0,0.0,0.0,0.0,0.0
104994,0.0,0.0,0.0,0.0,0.0,0.0,0.0,0.0,0.0,0.0,0.0,0.0,0.0,0.0,0.0,0.0,0.0,0.0
105635,0.0,0.0,0.0,0.0,0.0,0.0,0.0,0.0,0.0,0.0,0.0,0.0,0.0,0.0,0.0,0.0,0.0,0.0
106000,0.0,0.0,0.0,0.0,0.0,0.0,0.0,0.0,0.0,0.0,0.0,0.0,0.0,0.0,0.0,0.0,0.0,0.0
106002,0.0,0.0,0.0,0.0,0.0,0.0,0.0,0.0,0.0,0.0,0.0,0.0,0.0,0.0,0.0,0.0,0.0,0.0
106083,0.0,1.0,1.0,0.0,0.0,13.0,2.0,2.0,3.0,0.0,0.0,0.0,0.0,0.0,2.0,0.0,6.0,0.0
106076,0.0,0.0,0.0,0.0,0.0,0.0,0.0,0.0,0.0,0.0,0.0,0.0,0.0,0.0,0.0,0.0,0.0,0.0
106017,0.0,0.0,0.0,0.0,0.0,0.0,0.0,0.0,0.0,0.0,0.0,0.0,0.0,0.0,0.0,0.0,0.0,0.0
106159,0.0,0.0,0.0,0.0,0.0,1.0,0.0,0.0,1.0,0.0,0.0,0.0,0.0,0.0,0.0,0.0,1.0,0.0
106077,0.0,0.0,0.0,0.0,0.0,0.0,0.0,0.0,0.0,0.0,0.0,0.0,0.0,0.0,0.0,0.0,0.0,0.0
106201,0.0,0.0,0.0,0.0,0.0,0.0,0.0,0.0,0.0,0.0,0.0,0.0,0.0,0.0,0.0,0.0,0.0,0.0
106160,0.0,0.0,0.0,0.0,0.0,0.0,0.0,0.0,0.0,0.0,0.0,0.0,0.0,0.0,0.0,0.0,0.0,0.0
106199,1.0,0.0,0.0,0.0,0.0,3.0,0.0,1.0,6.0,0.0,0.0,0.0,0.0,0.0,7.0,0.0,3.0,0.0
106312,0.0,0.0,0.0,0.0,0.0,0.0,0.0,0.0,0.0,0.0,0.0,0.0,0.0,0.0,0.0,0.0,0.0,0.0
106200,0.0,0.0,0.0,0.0,0.0,0.0,0.0,0.0,0.0,0.0,0.0,0.0,0.0,0.0,0.0,0.0,0.0,0.0
106323,0.0,0.0,0.0,0.0,0.0,0.0,0.0,0.0,0.0,0.0,0.0,0.0,0.0,0.0,0.0,0.0,0.0,0.0
106161,0.0,3.0,0.0,0.0,0.0,26.0,5.0,11.0,30.0,0.0,3.0,0.0,0.0,2.0,24.0,0.0,7.0,0.0
106371,0.0,0.0,0.0,0.0,0.0,0.0,0.0,0.0,0.0,0.0,0.0,0.0,0.0,0.0,0.0,0.0,0.0,0.0
106669,0.0,0.0,0.0,0.0,0.0,0.0,1.0,0.0,1.0,0.0,0.0,0.0,0.0,0.0,0.0,0.0,4.0,0.0
106219,0.0,0.0,0.0,0.0,0.0,0.0,0.0,0.0,0.0,0.0,0.0,0.0,0.0,0.0,0.0,0.0,0.0,0.0
106612,0.0,0.0,0.0,0.0,0.0,0.0,0.0,0.0,0.0,0.0,0.0,0.0,0.0,0.0,0.0,0.0,0.0,0.0
106202,0.0,3.0,0.0,0.0,0.0,11.0,0.0,2.0,8.0,0.0,1.0,0.0,0.0,0.0,7.0,0.0,4.0,0.0
106628,0.0,0.0,0.0,0.0,0.0,0.0,0.0,0.0,0.0,0.0,0.0,0.0,0.0,0.0,0.0,0.0,0.0,0.0
105837,0.0,1.0,0.0,0.0,0.0,1.0,0.0,0.0,1.0,0.0,0.0,0.0,0.0,0.0,0.0,0.0,1.0,0.0
106681,0.0,0.0,0.0,0.0,0.0,0.0,0.0,0.0,0.0,0.0,0.0,0.0,0.0,0.0,0.0,0.0,0.0,0.0
105838,0.0,0.0,0.0,0.0,0.0,0.0,0.0,0.0,3.0,0.0,0.0,0.0,0.0,0.0,3.0,0.0,3.0,0.0
105900,0.0,0.0,0.0,0.0,0.0,0.0,0.0,0.0,0.0,0.0,0.0,0.0,0.0,0.0,0.0,0.0,0.0,0.0
105842,0.0,0.0,0.0,0.0,0.0,0.0,0.0,0.0,0.0,0.0,0.0,0.0,0.0,0.0,0.0,0.0,0.0,0.0
105897,1.0,4.0,0.0,0.0,0.0,24.0,1.0,4.0,6.0,2.0,2.0,0.0,0.0,1.0,27.0,0.0,26.0,9.0
105899,0.0,0.0,0.0,0.0,0.0,0.0,0.0,0.0,0.0,0.0,0.0,0.0,0.0,0.0,0.0,0.0,0.0,0.0
105868,0.0,0.0,0.0,0.0,0.0,0.0,0.0,0.0,0.0,0.0,0.0,0.0,0.0,0.0,0.0,0.0,0.0,0.0
105846,0.0,0.0,0.0,0.0,0.0,0.0,0.0,0.0,0.0,0.0,0.0,0.0,0.0,0.0,0.0,0.0,0.0,0.0
105841,0.0,0.0,0.0,0.0,0.0,0.0,0.0,0.0,0.0,0.0,0.0,0.0,0.0,0.0,0.0,0.0,0.0,0.0
105901,0.0,0.0,0.0,0.0,0.0,0.0,0.0,0.0,0.0,0.0,0.0,0.0,0.0,0.0,0.0,0.0,0.0,0.0
106682,0.0,0.0,0.0,0.0,0.0,0.0,0.0,0.0,0.0,0.0,0.0,0.0,0.0,0.0,0.0,0.0,0.0,0.0
105866,0.0,0.0,0.0,0.0,0.0,0.0,0.0,0.0,0.0,0.0,0.0,0.0,0.0,0.0,0.0,0.0,0.0,0.0
105902,0.0,0.0,0.0,0.0,0.0,3.0,0.0,0.0,1.0,0.0,0.0,0.0,0.0,0.0,3.0,0.0,1.0,0.0
106736,0.0,0.0,0.0,0.0,0.0,0.0,0.0,0.0,0.0,0.0,0.0,0.0,0.0,0.0,0.0,0.0,0.0,0.0
106683,0.0,0.0,0.0,0.0,0.0,0.0,0.0,0.0,0.0,0.0,0.0,0.0,0.0,0.0,0.0,0.0,0.0,0.0
106708,0.0,0.0,0.0,0.0,0.0,0.0,0.0,0.0,0.0,0.0,0.0,0.0,0.0,0.0,0.0,0.0,0.0,0.0
106820,0.0,0.0,0.0,0.0,0.0,0.0,0.0,0.0,0.0,0.0,0.0,0.0,0.0,0.0,0.0,0.0,0.0,0.0
106819,0.0,0.0,0.0,0.0,0.0,0.0,0.0,0.0,0.0,0.0,0.0,0.0,0.0,0.0,0.0,0.0,0.0,0.0
